1 0.29076171875 0.36421875000000004 0.05910156249999998 0.27589843750000004
3 0.34056640625 0.3644140625 0.044140625000000044 0.2624609375
1 0.38146484375 0.3540234375 0.04261718749999999 0.23468749999999997
2 0.77064453125 0.5558984375 0.10421875000000003 0.19515624999999998
1 0.77064453125 0.555703125 0.10421875000000003 0.19906249999999998
1 0.736796875 0.331015625 0.0589453124999999 0.23726562500000004
3 0.388515625 0.6512109375 0.04744140625000004 0.25117187500000004
1 0.4508984375 0.3184375 0.03394531249999999 0.2537890625
3 0.4903906250000001 0.3032421875 0.04177734375000003 0.2755078125
3 0.53748046875 0.30625 0.03873046875000008 0.2607421875
3 0.57513671875 0.3028125 0.030722656250000036 0.2676953125
3 0.61279296875 0.2984375 0.04005859374999998 0.2937109375
1 0.6529296875 0.628203125 0.0428320312499999 0.26593749999999994
1 0.68775390625 0.3303515625 0.04419921874999999 0.2602734375
1 0.65009765625 0.3077734375 0.03458984375000007 0.27070312499999993
3 0.426640625 0.6567578125 0.03052734374999999 0.2685546875