0 0.27279296875 0.6809765625 0.05859375 0.18488281249999994
3 0.67251953125 0.6848828125 0.05599609374999992 0.14582031249999994
1 0.74154296875 0.5286328125 0.06119140625000008 0.17707031249999994
1 0.33462890625 0.66796875 0.04947265624999997 0.1640625
1 0.26107421875 0.490546875 0.06119140624999997 0.18035156249999995
1 0.69271484375 0.5234375 0.04947265625000008 0.16144531249999994
3 0.6554296875 0.4895703125 0.0556640625 0.19792968749999995
1 0.33529296875 0.4716796875 0.05859375 0.212890625
1 0.60416015625 0.47917968750000006 0.0625 0.18750000000000006
3 0.378359375 0.666171875 0.029882812500000022 0.1985937499999999
3 0.40814453125 0.6588671875 0.028906250000000022 0.19367187499999994
0 0.36810546875 0.448125 0.03749999999999998 0.1775
1 0.60283203125 0.65203125 0.03085937499999991 0.16046874999999994