1 0.3046875 0.47785156249999994 0.04427734375000003 0.17968749999999994
1 0.35220703125 0.49089843750000006 0.05078125 0.16406250000000006
1 0.3937109375 0.478125 0.045214843749999956 0.15312499999999996
1 0.605625 0.46648437500000006 0.03091796875000008 0.18554687500000006
1 0.661953125 0.4814453125 0.0458984375 0.16730468749999994
1 0.7042578125 0.4778515625 0.0361328125 0.15886718749999995
1 0.640625 0.6940234375 0.0703125 0.18488281249999994
1 0.37142578125 0.7141796875 0.06900390624999997 0.20964843750000006
1 0.41095703125 0.72453125 0.027968749999999987 0.24695312499999988
1 0.6878125 0.6614453125 0.06558593750000008 0.15500000000000003
0 0.55134765625 0.71390625 0.03515625 0.21480468750000004