1 0.31451171875 0.4285546875 0.05091796874999999 0.17621093749999994
1 0.35439453125 0.44171875 0.04021484374999995 0.17949218750000007
3 0.3840234375 0.43796875 0.031621093749999996 0.18371093749999995
1 0.416484375 0.44316406249999996 0.04103515624999998 0.18648437499999998
3 0.3537109375 0.6346875 0.05640624999999999 0.1871484375000001
3 0.6692578125 0.448046875 0.04494140624999998 0.18988281249999994
3 0.71435546875 0.451796875 0.048789062500000036 0.17910156250000003
1 0.3043359375 0.609296875 0.06138671875000001 0.1832421875000001
0 0.66423828125 0.63921875 0.04638671875 0.17558593749999996
1 0.62994140625 0.6668359375 0.044726562499999956 0.19968750000000002
1 0.62689453125 0.46265625 0.0428320312499999 0.1804296875
1 0.39466796875 0.6469921875 0.026171874999999956 0.19527343750000004
0 0.495390625 0.650625 0.02087890625000005 0.16312499999999996
3 0.56646484375 0.460078125 0.04675781250000011 0.18925781249999996
1 0.2669921875 0.5626953125 0.049863281249999974 0.13656249999999998