3 0.61283203125 0.479765625 0.04308593749999989 0.21199218749999998
3 0.65189453125 0.70203125 0.05542968749999999 0.17546875000000006
3 0.6796484375 0.440078125 0.049277343750000036 0.2683203125
3 0.56359375 0.479765625 0.03628906250000008 0.2448828125
3 0.5263671875 0.4832421875 0.03505859375000009 0.2247265625
3 0.4414453125 0.458359375 0.03216796874999994 0.21199218749999998
3 0.41337890625 0.4392578125 0.030722656250000036 0.21074218750000007
3 0.37947265625 0.4320703125 0.04099609375000002 0.19222656250000003
3 0.341328125 0.424453125 0.04490234375000002 0.21402343750000002
3 0.356953125 0.6603125 0.043261718749999956 0.17996093749999997
3 0.38953125 0.6709765625 0.03236328124999999 0.21781249999999996
1 0.4228515625 0.6699609375 0.038124999999999964 0.20339843749999997
3 0.58599609375 0.70984375 0.040820312499999956 0.15984375000000006
1 0.61314453125 0.676953125 0.029316406249999982 0.1104687499999999
1 0.46900390625 0.471328125 0.03298828124999997 0.20910156250000006
1 0.49419921875 0.487578125 0.03361328124999996 0.19636718749999998