3 0.22783203125 0.538984375 0.07210937500000003 0.18730468749999996
3 0.27232421875 0.602578125 0.08296875000000001 0.18863281250000008
3 0.605625 0.635546875 0.045449218749999964 0.23726562500000004
3 0.63828125 0.6108203125 0.03896484375000009 0.21382812500000004
3 0.69232421875 0.6149609375 0.08281249999999996 0.22640624999999992
3 0.64197265625 0.3355859375 0.04460937500000006 0.2498828125
3 0.377890625 0.3459765625 0.030253906250000018 0.2811328125
3 0.26234375 0.3390234375 0.050839843749999974 0.2602734375
1 0.68884765625 0.3548828125 0.05779296875000006 0.20515625000000004
1 0.36248046875 0.643828125 0.03874999999999995 0.2416015625000001
1 0.312578125 0.3703125 0.05238281249999999 0.23250000000000004
0 0.5723046875 0.638828125 0.02873046875000007 0.23078124999999994
0 0.5469140625 0.353515625 0.05312500000000009 0.2637890625
0 0.454921875 0.667890625 0.03156250000000005 0.2634375
0 0.540546875 0.6533203125 0.0362695312500001 0.2630468750000001