1 0.742109375 0.2795703125 0.05917968749999991 0.28374999999999995
1 0.67625 0.2812890625 0.04548828124999993 0.2976171875
1 0.393515625 0.3194921875 0.033730468749999964 0.22121093749999998
1 0.361171875 0.2978125 0.04482421874999998 0.2819921875
1 0.281328125 0.2999609375 0.05410156249999998 0.2342578125
1 0.28447265625 0.6038671875 0.07601562500000003 0.2693749999999999
1 0.3403515625 0.612578125 0.07494140625000001 0.2693749999999999
1 0.4006640625 0.6373046875 0.06714843749999999 0.25812499999999994
1 0.688828125 0.594765625 0.07515625000000004 0.24246093749999997
1 0.7397265625 0.584140625 0.06828125000000007 0.24289062500000003
1 0.7956640625 0.5491796875 0.08642578125 0.238046875
1 0.61220703125 0.6266796875 0.043417968750000036 0.2585546875
0 0.54703125 0.5980078125 0.03244140625000003 0.27070312500000004
1 0.2329296875 0.5669921875 0.07046875000000002 0.22164062500000004
3 0.645390625 0.6286328125 0.04037109374999992 0.266328125