1 0.39005859375 0.51328125 0.03957031249999998 0.12851562499999997
0 0.459140625 0.637265625 0.03792968750000003 0.10101562500000005
1 0.6392578125 0.4881640625 0.03302734374999994 0.19515624999999998
1 0.6783203125 0.4842578125 0.04042968750000009 0.21285156250000004
1 0.72232421875 0.4846875 0.04126953124999999 0.22515625000000006
1 0.31798828125 0.5186328125 0.06195312500000005 0.14742187500000004
1 0.3778125 0.6826953125 0.031132812499999996 0.20421875000000012
1 0.41009765625 0.693203125 0.03236328124999999 0.212890625
0 0.45275390625 0.4926953125 0.027871093749999964 0.14539062500000005
1 0.6090234375 0.4793359375 0.03441406250000001 0.184453125
0 0.59607421875 0.6732421875 0.02603515625000008 0.17460937499999996