1 0.6816015625 0.4470703125 0.0470117187500001 0.15566406249999998
1 0.3750390625 0.459609375 0.04820312500000001 0.1634765625000001
1 0.63884765625 0.46722656250000005 0.04042968750000009 0.16140624999999997
1 0.38439453125 0.6705859375 0.07388671874999997 0.18574218750000004
0 0.4944921875 0.456328125 0.026425781249999947 0.18976562499999994
1 0.5985546875 0.696484375 0.05027343750000002 0.20960937499999988
1 0.33505859375 0.4412890625 0.04263671874999997 0.1803125000000001
1 0.6828125 0.6391015625 0.07078125000000002 0.17625000000000002
0 0.5419921875 0.6839453125 0.026816406250000036 0.1754296875000001
0 0.5254296875 0.4552734375 0.03689453124999997 0.25765625000000003
0 0.4847265625 0.6917578125 0.021289062499999956 0.19929687499999993
1 0.3401171875 0.6430078125 0.05892578125000003 0.20464843749999995
1 0.63130859375 0.6777734375 0.0636132812500001 0.2042187499999999
1 0.60572265625 0.443984375 0.03914062499999993 0.23750000000000004
0 0.52255859375 0.6950390625 0.022910156250000036 0.189453125
1 0.411953125 0.44914062500000007 0.03197265625000001 0.22390624999999997