3 0.663515625 0.46660156249999996 0.05687500000000001 0.2514843749999999
3 0.57994140625 0.4696875 0.03980468749999999 0.30453125000000003
3 0.5191796875 0.4867578125 0.03464843750000002 0.25066406249999995
3 0.46427734375 0.4929296875 0.04410156249999997 0.2712109375
3 0.39087890625 0.4859375 0.041210937500000044 0.24898437500000004
3 0.35078125 0.4877734375 0.04736328125 0.24859374999999995
3 0.6487109375 0.71703125 0.030566406249999956 0.15203125000000006
3 0.5903125 0.728984375 0.03712890624999998 0.1314453124999999
3 0.55537109375 0.7359765625 0.024785156250000107 0.17339843749999995
3 0.454609375 0.7334765625 0.03052734374999999 0.16847656249999998
3 0.41841796875 0.7242578125 0.03052734374999999 0.1540625
1 0.4287109375 0.492734375 0.026406249999999964 0.24203125000000003
1 0.30740234375 0.492109375 0.03873046874999997 0.20375
1 0.61919921875 0.4776953125 0.03527343749999989 0.26546875000000003
3 0.34306640625 0.7151953125 0.029882812500000022 0.16558593749999995