1 0.3333898305084746 0.3555263620902 0.03220338983050852 0.19217641194064863
1 0.7496610169491525 0.3391112935702696 0.048474576271186454 0.18977420679139057
1 0.24491525423728816 0.534490645709929 0.07423728813559327 0.19778155728891758
1 0.2923728813559322 0.3519230543663128 0.04983050847457626 0.20258596758743386
1 0.7040677966101695 0.3555263620902 0.04610169491525418 0.20658964283619732
3 0.24474576271186443 0.3166907121771939 0.04949152542372881 0.2089918479854554
1 0.3445762711864407 0.5753281332473169 0.04033898305084749 0.21860066858248792
1 0.7515254237288136 0.5332895431353001 0.06847457627118647 0.1841690614431216
3 0.01576271186440678 0.7947295368795575 0.021355932203389827 0.061656598830958184
0 0.44423728813559327 0.5745273981975643 0.0423728813559322 0.19938302738842298
1 0.36423728813559325 0.3519230543663128 0.03288135593220343 0.1961800871894122