1 0.30552734375 0.269921875 0.055625000000000036 0.27
1 0.337421875 0.5726171875 0.07429687500000004 0.27632812500000004
1 0.410546875 0.580859375 0.03654296874999996 0.2667578125000001
1 0.6981640625 0.257421875 0.05255859374999994 0.28460937500000005
1 0.67787109375 0.56609375 0.0641015625000001 0.2719921875
1 0.65248046875 0.26921875 0.04427734374999992 0.2744531250000001
1 0.74169921875 0.5548046875 0.08291015625000009 0.28234375000000006
0 0.54302734375 0.5585546875 0.04443359375 0.28648437500000007
0 0.44669921875 0.595546875 0.03978515625000001 0.3226562499999999
1 0.622578125 0.2651171875 0.03996093750000007 0.2991015625
1 0.37515625 0.2794921875 0.044726562499999956 0.28679687499999995
0 0.4752734375 0.5922265625 0.02703124999999995 0.3325
0 0.4728125 0.27375 0.04677734374999998 0.2752734375
0 0.5188671875 0.2616015625 0.040195312500000024 0.30609375000000005