0 0.291640625 0.639453125 0.04867187500000003 0.13570312500000004
0 0.31603515625 0.6677734375 0.04542968749999998 0.12808593750000008
0 0.3490234375 0.6767578125 0.040234375000000044 0.1417187499999999
0 0.37734375 0.6796484375 0.03785156249999999 0.1474609375
0 0.411171875 0.68859375 0.04400390625000006 0.15667968750000005
0 0.48626953125 0.5274609375 0.036992187499999996 0.17863281250000007
0 0.4508984375 0.68046875 0.03394531249999999 0.15785156249999988
0 0.50060546875 0.684375 0.02572265624999992 0.13960937500000004
0 0.525234375 0.67984375 0.0263671875 0.13484374999999993
0 0.4773828125 0.68484375 0.0244140625 0.13179687500000004
0 0.5510546875 0.5172265625 0.03115234375000009 0.16863281250000006
0 0.52251953125 0.528125 0.031132812500000107 0.15691406250000006
0 0.60931640625 0.5046484375 0.020957031250000036 0.1851562499999999
1 0.701640625 0.6446875 0.07906250000000004 0.15999999999999992