3 0.338828125 0.6501171875 0.07365234374999996 0.18386718749999997
1 0.4452734375 0.4233203125 0.03656249999999994 0.2566796874999999
3 0.345234375 0.4254296875 0.050000000000000044 0.21773437500000004
1 0.65140625 0.43109374999999994 0.049609374999999956 0.18039062499999997
1 0.6084375 0.4278125 0.03806640625000002 0.20859375000000002
1 0.7391796875 0.404375 0.049843749999999964 0.16867187500000003
1 0.69740234375 0.4134765625 0.051074218749999956 0.17648437500000003
1 0.63474609375 0.652265625 0.06029296875000001 0.20394531249999992
1 0.294375 0.618984375 0.07310546875000001 0.2132812500000001
0 0.45451171875 0.6933984375 0.030742187500000018 0.21574218750000007
0 0.41626953125 0.6925390625 0.049687499999999996 0.22574218750000008