1 0.205703125 0.5960546875 0.09195312499999997 0.18429687500000003
1 0.23021484375 0.3816015625 0.054316406250000004 0.20644531249999998
1 0.2862109375 0.372265625 0.05519531249999998 0.2502734375
1 0.35271484375 0.65421875 0.04093749999999996 0.24855468749999998
1 0.785078125 0.3703125 0.04269531250000003 0.16304687500000004
1 0.73603515625 0.353359375 0.06755859375000006 0.20906250000000004
1 0.61984375 0.627109375 0.041308593749999956 0.23335937500000004
3 0.3666015625 0.361875 0.035449218749999956 0.23640625000000004
3 0.33275390625 0.35359375 0.03572265625000004 0.24421875000000004
3 0.40404296875 0.3294921875 0.04087890625000001 0.27937499999999993
3 0.66138671875 0.636875 0.03978515625000001 0.26593749999999994