1 0.43580078125 0.688671875 0.03195312500000003 0.18902343749999995
1 0.4401171875 0.46332031250000005 0.028046875000000027 0.20023437500000002
2 0.7450390625 0.6021484375 0.06923828125000009 0.1302734375000001
1 0.31900390625 0.64453125 0.05642578124999997 0.16058593750000005
1 0.64560546875 0.661171875 0.0701757812499999 0.17359375
2 0.28138671875 0.3841015625 0.05353515625000005 0.14902343750000002
2 0.7183203125 0.373984375 0.05931640625000001 0.15769531250000002
1 0.5844921875 0.452109375 0.030390624999999893 0.186640625
0 0.5727734375 0.674609375 0.031113281249999902 0.17070312499999996
1 0.36638671875 0.6741796875 0.06582031249999998 0.1851953125000001
1 0.69408203125 0.622109375 0.07740234374999999 0.15335937499999996