3 0.6808203125 0.6106640625 0.06802734375000008 0.19011718750000006
1 0.63689453125 0.63078125 0.05257812499999992 0.19124999999999992
1 0.3871484375 0.6244140625 0.06113281250000002 0.18832031249999992
1 0.69158203125 0.427578125 0.04507812500000008 0.16437500000000005
1 0.31708984375 0.4205078125 0.04775390624999998 0.16582031249999996
1 0.36201171875 0.43539062500000003 0.03994140624999998 0.16042968749999997
1 0.397890625 0.4398046875 0.029882812500000022 0.16140624999999997
1 0.42779296875 0.4415234375 0.031113281250000013 0.17265624999999996
1 0.6482421875 0.4458984375 0.04355468749999991 0.15410156249999996
1 0.61564453125 0.4361328125 0.024765624999999902 0.20097656249999996
1 0.59197265625 0.4380859375 0.021347656249999902 0.20878906249999996
1 0.56755859375 0.4439453125 0.021347656249999902 0.21660156249999996
1 0.4242578125 0.6322265625 0.04550781250000002 0.18441406249999992
1 0.3419921875 0.59828125 0.05869140625000002 0.17023437499999994
1 0.6063671875 0.6365625 0.04306640624999991 0.18921875