1 0.33951171875 0.35640625 0.052773437499999964 0.21953125000000004
3 0.37919921875 0.3403125 0.030546874999999973 0.22800781250000002
3 0.40951171875 0.33984375 0.03255859375000003 0.21613281249999997
3 0.43845703125 0.32921875 0.03972656249999995 0.2530859375000001
3 0.47556640625 0.33828125 0.026640624999999973 0.2505078125
3 0.54033203125 0.3446484375 0.03384765625000008 0.24250000000000002
3 0.57390625 0.346875 0.03310546875000009 0.24109375
3 0.60609375 0.335546875 0.02988281249999991 0.2687109375000001
3 0.638671875 0.358671875 0.03515625 0.21499999999999997
1 0.50615234375 0.363828125 0.035722656249999984 0.20984375
3 0.70705078125 0.3525 0.0442968749999999 0.21695312499999997
3 0.61708984375 0.6125390625 0.02962890624999992 0.21500000000000008
1 0.393203125 0.6110546875 0.03640624999999997 0.23249999999999998
1 0.75390625 0.5833203125 0.0859375 0.19792968750000006
1 0.6919140625 0.561875 0.047558593750000044 0.11367187500000009
1 0.75302734375 0.348125 0.04958984374999997 0.21484375
1 0.66982421875 0.4032421875 0.02962890624999992 0.09804687499999998