2 0.26693359375 0.6106640625 0.06771484375000003 0.12238281249999994
2 0.74478515625 0.6067578125 0.07291015625000008 0.13019531249999994
1 0.51791015625 0.4726953125 0.029765625000000018 0.18816406249999995
1 0.42185546875 0.4612890625 0.03513671875000002 0.20347656249999996
1 0.39333984375 0.461796875 0.02824218749999996 0.16234375
1 0.3621484375 0.658359375 0.058066406250000036 0.17867187500000004
1 0.431953125 0.6787890625 0.03626953124999999 0.21906249999999994
1 0.40681640625 0.665 0.035039062499999996 0.18644531250000007
1 0.60482421875 0.6557421875 0.04503906249999989 0.1929687499999999
1 0.589609375 0.45476562499999995 0.02677734375000007 0.17136718749999996
1 0.618359375 0.45878906250000007 0.028144531249999938 0.16335937500000003
1 0.68611328125 0.6362890625 0.04933593749999998 0.171640625
2 0.71474609375 0.4041015625 0.0384374999999999 0.13226562499999994
1 0.5612109375 0.6746484375 0.033007812499999956 0.19121093749999996