1 0.265625 0.5573046875 0.0625 0.19269531249999994
1 0.32681640625 0.5637890625 0.05728515624999997 0.18488281249999994
1 0.5206640625 0.3444140625 0.041347656249999976 0.243515625
1 0.78970703125 0.5182421875 0.08203125 0.1875
1 0.6393359375 0.5755859375 0.0401757812500001 0.18828124999999996
1 0.6041796875 0.572890625 0.0359960937499999 0.17804687499999994
1 0.6200390625 0.361640625 0.0445703125000001 0.22003906250000005
0 0.73109375 0.5325 0.060585937499999964 0.11761718750000005
0 0.69060546875 0.3462109375 0.05898437500000009 0.2648046875000001
1 0.744296875 0.3366796875 0.050253906250000036 0.2008203125
1 0.68953125 0.3518359375 0.05947265625000009 0.24699218749999996
1 0.39400390625 0.6034375 0.036992187499999996 0.21332031250000005
1 0.36365234375 0.5933984375 0.04490234375000002 0.222890625
0 0.21275390625 0.514375 0.07291015624999997 0.18031249999999993
1 0.26990234375 0.3472265625 0.04603515624999999 0.19023437500000007
0 0.5730078125 0.589765625 0.03240234375000006 0.20902343749999996
0 0.41115234375 0.345390625 0.035683593749999964 0.2631640625