1 0.7098828125 0.663125 0.04347656249999998 0.14046874999999992
1 0.68232421875 0.6819921875 0.0621484375000001 0.16523437500000004
1 0.34392578125 0.666171875 0.06996093749999999 0.15523437500000004
1 0.33546875 0.48835937500000004 0.03914062500000004 0.16996093749999996
1 0.3758203125 0.4892578125 0.053906250000000044 0.168203125
1 0.62330078125 0.4987890625 0.039589843749999964 0.16648437500000002
1 0.655 0.510078125 0.04289062500000007 0.168203125
1 0.6850390625 0.5126953125 0.038769531250000044 0.15605468749999996
0 0.38775390625 0.6791796875 0.06041015625000001 0.1986328125000001
0 0.58044921875 0.6713671875 0.029824218749999964 0.16566406249999988
0 0.55767578125 0.483828125 0.03744140624999992 0.17253906249999995
1 0.29951171875 0.649609375 0.06613281250000003 0.1651562499999999