1 0.24736328125 0.58390625 0.06777343749999998 0.24679687500000003
1 0.30791015625 0.5969140625 0.06386718749999998 0.22078124999999998
1 0.28685546875 0.376171875 0.058222656250000004 0.19906250000000003
1 0.35771484375 0.6140625 0.040234375000000044 0.24203124999999998
1 0.3939453125 0.610390625 0.041542968749999964 0.23898437500000003
1 0.60041015625 0.6038671875 0.0350195312499999 0.23464843749999997
1 0.63578125 0.5999609375 0.028769531250000036 0.23550781250000002
1 0.68265625 0.5882421875 0.05656250000000007 0.22078124999999998
1 0.74677734375 0.576953125 0.06503906249999991 0.23292968749999998
1 0.69697265625 0.3562109375 0.058886718749999956 0.20429687500000004
1 0.7542578125 0.3294921875 0.05222656250000002 0.24464843749999998
1 0.7910546875 0.3557421875 0.03726562500000008 0.17910156249999998
1 0.6518359375 0.35640625 0.0467382812499999 0.22554687500000004
1 0.61853515625 0.345546875 0.0387109375000001 0.25593750000000004
1 0.33416015625 0.371171875 0.04173828125000001 0.21339843749999998
0 0.74591796875 0.5726171875 0.06515625000000003 0.21730468749999998
1 0.19734375 0.546796875 0.06326171875000003 0.23914062499999994