3 0.25146484375 0.330078125 0.05697265625000003 0.2565625
3 0.3019140625 0.34375 0.04654296874999997 0.25
3 0.3390234375 0.3408203125 0.02962890625000003 0.25066406250000006
1 0.37044921875 0.37078125 0.03775390624999997 0.21160156249999995
3 0.650390625 0.33984375 0.03775390625000008 0.28386718750000006
3 0.27328125 0.5657421875 0.07064453125000003 0.19402343750000006
3 0.60546875 0.6106640625 0.0390625 0.24738281249999994
3 0.68701171875 0.3333203125 0.04654296875000008 0.31769531250000005
3 0.74203125 0.3469921875 0.0615234375 0.26433593749999995
1 0.32421875 0.5729296875 0.04427734375000003 0.15105468750000006
1 0.36376953125 0.6064453125 0.03482421874999997 0.212890625
3 0.63412109375 0.59765625 0.03125 0.2109375
3 0.39779296875 0.6126171875 0.03255859375000003 0.24089843750000006