1 0.3311328125 0.4653515625 0.047812500000000036 0.17257812500000003
1 0.3208203125 0.6644140625 0.05958984374999998 0.16914062500000004
1 0.36552734375 0.6900390625 0.07667968749999998 0.17695312500000004
1 0.68373046875 0.4391015625 0.04542968749999998 0.18601562500000002
1 0.67375 0.636875 0.06886718749999998 0.1617578125000001
1 0.58224609375 0.7109375 0.07466796875000004 0.17535156249999995
1 0.6381640625 0.692734375 0.06304687499999995 0.17144531249999995
1 0.40869140625 0.48640625 0.029394531250000022 0.16953125000000002
1 0.43658203125 0.4909765625 0.027871093749999964 0.18210937500000002
3 0.45873046875 0.4848828125 0.025273437499999996 0.21164062500000003
3 0.5187109375 0.503359375 0.022031249999999947 0.16167968749999995
1 0.57990234375 0.4683984375 0.03091796875000008 0.17515624999999996
1 0.6074609375 0.4584375 0.029609374999999938 0.18644531249999996
1 0.64697265625 0.44921875 0.04638671875 0.2001953125