1 0.69009765625 0.5963671875 0.06771484374999992 0.22394531249999994
1 0.2548828125 0.5673828125 0.06509765624999997 0.22332031250000006
1 0.3984375 0.6106640625 0.04427734375000003 0.23175781249999994
3 0.72607421875 0.346015625 0.05111328124999992 0.22464843749999996
1 0.74740234375 0.5690234375 0.06771484374999992 0.20050781249999994
3 0.3946875 0.3623046875 0.0517578125 0.21808593749999994
1 0.65087890625 0.349296875 0.0439453125 0.25328125
1 0.361328125 0.59765625 0.03515625 0.15886718750000006
1 0.31771484375 0.58203125 0.05728515624999997 0.17449218750000006
3 0.759765625 0.368828125 0.05078125 0.14777343750000005
1 0.50544921875 0.3574609375 0.04468749999999999 0.24562499999999998