1 0.307578125 0.5196484375 0.04933593749999998 0.17687500000000006
1 0.69904296875 0.5280859375 0.0565039062499999 0.17296874999999995
1 0.6255859375 0.54046875 0.027480468750000098 0.169921875
1 0.599765625 0.541328125 0.02939453124999991 0.15082031250000005
1 0.576328125 0.6976171875 0.04328124999999994 0.17914062500000005
1 0.3777734375 0.53265625 0.03246093750000001 0.168203125
1 0.40609375 0.5361328125 0.025917968749999964 0.16124999999999995
3 0.35283203125 0.7084765625 0.05650390625000001 0.17476562500000004
3 0.39470703125 0.7000390625 0.03785156249999999 0.17085937500000004
3 0.430390625 0.6915625 0.03806640625000002 0.1843359375
3 0.34337890625 0.5213671875 0.03529296874999999 0.19078124999999996
3 0.4828125 0.5330859375 0.026582031250000027 0.176015625
3 0.5125390625 0.5378515625 0.023554687499999893 0.17515625000000007
3 0.65064453125 0.7026171875 0.035937499999999956 0.15871093749999998
3 0.61169921875 0.705234375 0.040234375000000044 0.16394531249999988
3 0.4323046875 0.5192578125 0.035683593749999964 0.19226562500000005