0 0.5915234375 0.6958984375 0.03050781250000001 0.17566406249999988
0 0.42865234375 0.503125 0.027890624999999947 0.19597656250000006
1 0.7126171875 0.635 0.06378906249999994 0.17789062500000008
1 0.6543359375 0.4974609375 0.05208984374999992 0.17332031250000002
1 0.6924609375 0.4766796875 0.04818359374999992 0.16878906249999998
1 0.66677734375 0.67734375 0.06667968749999997 0.1754296875000001
1 0.35716796875 0.6547265625 0.056035156249999996 0.17132812500000005
1 0.32326171875 0.4731640625 0.04988281250000004 0.14949218749999998
1 0.36478515625 0.48015625 0.05070312499999996 0.188125
0 0.53880859375 0.7047265625 0.02662109374999999 0.17667968750000007
0 0.4987109375 0.5052734375 0.03279296875000004 0.2136328125
0 0.543828125 0.4988671875 0.026406249999999964 0.22968749999999993
0 0.47857421875 0.719921875 0.025390625 0.21535156249999998