1 0.39611328125 0.5336328125 0.05044921874999997 0.21941406250000006
1 0.4362109375 0.5749609375 0.04099609375000002 0.26835937499999996
1 0.751015625 0.2615625 0.0595703125 0.23046875
1 0.3044140625 0.30515625 0.06441406250000004 0.2584375
1 0.45359375 0.2788671875 0.040820312499999956 0.2518359375
1 0.48894531250000006 0.2809375 0.04080078124999997 0.24117187500000004
1 0.5265625 0.2669140625 0.03957031249999998 0.25265625
1 0.56552734375 0.2658984375 0.03896484375000009 0.2876171875
1 0.6298046875 0.281328125 0.04041015625000011 0.26996093749999994
1 0.6626953125 0.2803125 0.04371093749999999 0.2917578125
1 0.709375 0.2778515625 0.05236328124999989 0.30328124999999995
0 0.5758203125 0.56015625 0.034863281250000044 0.2453515625