1 0.32287109375 0.6320703125 0.07298828125000001 0.16085937500000003
1 0.33904296875 0.4276171875 0.04283203125000001 0.20468749999999997
1 0.38115234375 0.6518359375 0.06279296874999996 0.16999999999999993
1 0.42400390625 0.6559765625 0.02701171874999997 0.16523437500000004
1 0.68873046875 0.612109375 0.06843749999999993 0.1556640625000001
1 0.64859375 0.45015625 0.05324218749999998 0.17691406249999997
1 0.6035546875 0.44757812500000005 0.03916015624999991 0.19949218750000003
1 0.57470703125 0.445625 0.020488281250000018 0.19906250000000003
1 0.5524609375 0.450625 0.030253906250000018 0.18472656249999997
1 0.63837890625 0.6453125 0.08058593749999998 0.1830078125000001
1 0.6001953125 0.668125 0.0389257812499999 0.17218749999999994
1 0.574921875 0.6598828125 0.03394531249999999 0.16433593749999997
1 0.38796875 0.441484375 0.05564453125000002 0.17691406249999997
1 0.43212890625 0.43890624999999994 0.031132812499999996 0.18210937499999996