1 0.30826171875 0.6162109375 0.08919921875000003 0.166015625
1 0.34115234375 0.447578125 0.046875 0.16730468750000005
1 0.37857421875 0.44367187499999994 0.02734375 0.21164062499999997
1 0.40005859375 0.4557421875 0.02669921875000003 0.19269531250000005
1 0.4324609375 0.45703125 0.0361328125 0.19011718750000006
1 0.46078125 0.4674609375 0.0283203125 0.17316406250000005
1 0.5203515625 0.4967578125 0.03677734375000008 0.16535156250000005
3 0.5546875 0.4674609375 0.03646484374999992 0.20050781250000005
3 0.65576171875 0.6552734375 0.07650390624999992 0.19074218749999994
1 0.71158203125 0.46746093750000006 0.06119140625000008 0.14843750000000006
1 0.66470703125 0.4544140625 0.05078125 0.17449218749999995
1 0.61783203125 0.4583203125 0.05337890625000008 0.19269531250000005
1 0.61783203125 0.66796875 0.05078125 0.19015625000000003
1 0.4895703125 0.48226562500000003 0.027226562499999996 0.15457031250000003
1 0.58052734375 0.6721875 0.03328124999999993 0.17851562499999996
1 0.41265625 0.670859375 0.03644531250000005 0.19156250000000008
0 0.29671875 0.4430859375 0.04865234375000005 0.14148437500000005