1 0.28109375 0.679609375 0.07132812499999999 0.15609374999999992
1 0.6501171875 0.534375 0.026171874999999956 0.16472656250000006
1 0.68048828125 0.5378515625 0.034863281250000044 0.14042968749999996
1 0.71986328125 0.542421875 0.040722656250000044 0.15300781250000006
1 0.76078125 0.55 0.03921875000000008 0.15082031250000005
3 0.6296875 0.695078125 0.03068359375000007 0.18464843749999993
3 0.44580078125 0.6822265625 0.040488281250000036 0.1439453125000001
1 0.44927734375 0.5555859375 0.04099609375000002 0.11472656250000002
1 0.40837890625 0.662890625 0.037226562500000004 0.14437499999999992
1 0.37712890625 0.658984375 0.025253906250000013 0.11050781250000008
1 0.35390625 0.673984375 0.023945312499999982 0.1361328125000001
1 0.33017578125 0.668828125 0.023652343750000027 0.1171875
3 0.598515625 0.5375 0.02994140625000008 0.20636718749999994