1 0.730078125 0.6815625 0.05939453124999994 0.1383203125000001
1 0.67083984375 0.5456640625 0.0433203124999999 0.15953125000000012
1 0.62666015625 0.5498046875 0.0484765625000001 0.164296875
1 0.6822265625 0.725625 0.0641015625000001 0.16132812500000004
0 0.4778125 0.5548046875 0.0322265625 0.1673437499999999
0 0.5128125 0.560234375 0.03353515624999992 0.176015625
0 0.44869140625 0.548671875 0.02749999999999997 0.1633203125
0 0.30833984375 0.704140625 0.05085937500000004 0.13832031249999988
1 0.6248046875 0.7529296875 0.06734375000000004 0.17867187500000004
1 0.32447265625 0.5287109375 0.03480468749999999 0.17085937500000004
1 0.36560546875 0.5383203125 0.03919921874999999 0.16468749999999988