1 0.298828125 0.462890625 0.060546875 0.1640625
1 0.70458984375 0.4931640625 0.0517578125 0.146484375
1 0.65609375 0.5058984375 0.050000000000000044 0.16738281250000003
1 0.42544921875 0.7109765625 0.03494140624999997 0.17249999999999988
1 0.34490234375 0.489765625 0.05167968749999996 0.1650390625
1 0.3843359375 0.5065234375 0.03712890624999998 0.18230468750000006
1 0.578984375 0.7103125 0.03238281250000008 0.18468750000000012
1 0.61341796875 0.7058984375 0.04201171874999998 0.15558593749999994
1 0.6550390625 0.6964453125 0.0643359375000001 0.17722656250000002
1 0.570625 0.5339453125 0.03343750000000001 0.17484374999999996
1 0.62095703125 0.5175 0.03259765625000011 0.16367187499999997
1 0.38830078125 0.7006640625 0.04779296875000005 0.16878906249999992