0 0.3031640625 0.6805859375 0.05246093750000003 0.11285156249999995
1 0.29619140625 0.5125390625 0.05167968749999996 0.14640625000000007
3 0.34251953125 0.5076171875 0.05121093750000005 0.1532031250000001
1 0.57498046875 0.474765625 0.038124999999999964 0.1825
1 0.6017578125 0.49375 0.025371093750000018 0.1178125000000001
1 0.65654296875 0.491796875 0.050332031249999964 0.17476562500000004
1 0.62412109375 0.47933593750000003 0.02865234374999992 0.1667578125
0 0.40005859375 0.6894921875 0.03697265625000001 0.1279296875
1 0.69265625 0.640390625 0.06087890624999992 0.1451171874999999
1 0.587109375 0.664609375 0.03689453124999997 0.1483203125000001
0 0.3766796875 0.501484375 0.030292968749999982 0.16132812500000004
0 0.4288671875 0.48359374999999993 0.04335937499999998 0.1848046875
0 0.45599609375 0.478515625 0.030371093750000022 0.19242187499999996