0 0.5406640625 0.6753125 0.026230468749999902 0.17953124999999992
1 0.321796875 0.4692578125 0.049433593750000004 0.14742187500000004
1 0.37431640625 0.48261718749999993 0.04140624999999998 0.16675781249999994
1 0.4127734375 0.4787109375 0.04181640625000005 0.184453125
1 0.27943359375 0.6195703125 0.05517578125 0.13636718749999988
1 0.3309375 0.664609375 0.045937499999999964 0.18449218750000007
1 0.37255859375 0.6820703125 0.049843749999999964 0.2054687500000001
1 0.41328125 0.6654296875 0.03257812500000001 0.17625000000000002
1 0.64572265625 0.498046875 0.05460937500000007 0.18199218750000007
3 0.6474609375 0.6859765625 0.04455078124999989 0.17792968750000004
1 0.69064453125 0.6666796875 0.0467382812499999 0.1705078124999999
1 0.4407421875 0.6514453125 0.04019531249999997 0.14828124999999992
1 0.60171875 0.4959765625 0.03734375000000001 0.18281250000000004
1 0.6015234375 0.69625 0.05089843749999989 0.19683593749999995