1 0.65859375 0.5134765625 0.04207031249999993 0.20050781249999994
1 0.348203125 0.485703125 0.054160156250000036 0.21652343750000003
1 0.35724609375 0.6999609375 0.05580078124999999 0.1729687499999999
1 0.40630859375 0.7112890625 0.04820312500000001 0.15695312500000003
1 0.30822265625 0.6621484375 0.06503906250000002 0.15324218750000007
1 0.38193359375 0.5173828125 0.04099609375000002 0.14003906250000003
1 0.58044921875 0.5033984375 0.0338281250000001 0.18117187499999998
1 0.60501953125 0.5033984375 0.027460937499999893 0.18117187499999998
1 0.62650390625 0.509375 0.03548828124999992 0.17250000000000004
3 0.64994140625 0.7063671875 0.04947265625000008 0.1470703124999999
1 0.60962890625 0.6999609375 0.033007812499999956 0.1795703125000001