1 0.25228515625 0.3273828125 0.05800781249999998 0.23703125000000003
1 0.265 0.5800390625 0.08056640625 0.23886718749999997
3 0.70552734375 0.3076953125 0.05988281249999994 0.25667968750000003
1 0.7651171875 0.307265625 0.05777343750000008 0.254296875
3 0.68599609375 0.607109375 0.0565039062499999 0.26761718749999996
1 0.74765625 0.5638671875 0.07427734374999995 0.22968750000000004
3 0.3589453125 0.594453125 0.05373046874999998 0.24132812499999995
3 0.37400390625 0.3138671875 0.03830078125000003 0.24765625000000002
3 0.6330078125 0.2930078125 0.04541015625 0.255859375
1 0.3087890625 0.3469921875 0.05671875000000004 0.249375
0 0.602109375 0.54953125 0.04080078124999997 0.22722656250000006
3 0.47875 0.27859375 0.03953125000000002 0.26667968749999993
3 0.5621484375 0.2993359375 0.03490234375000001 0.222421875