3 0.60595703125 0.675703125 0.02986328124999993 0.20906249999999993
1 0.31255859375 0.4384375 0.05003906250000001 0.19515625000000003
1 0.31658203125 0.6503125 0.06632812499999996 0.19734374999999993
1 0.37169921875 0.6646484375 0.057812500000000044 0.18257812500000004
1 0.42095703125 0.6635546875 0.05042968749999999 0.1673828125000001
1 0.42171875 0.43867187499999993 0.046757812499999996 0.17820312499999996
1 0.39080078125 0.4371484375 0.028300781250000018 0.16824218749999997
1 0.35705078125 0.439765625 0.049609374999999956 0.15609375000000003
1 0.7178125 0.435625 0.03833984374999999 0.17562500000000003
1 0.67484375 0.4284765625 0.04613281250000001 0.16824218749999997
1 0.6744921875 0.6566796875 0.04640624999999998 0.195078125
1 0.6373046875 0.6645703125 0.035449218749999956 0.20500000000000007