3 0.505703125 0.4382421875 0.030703125000000053 0.18777343749999997
3 0.336015625 0.663984375 0.08363281249999999 0.17695312500000004
1 0.29064453125 0.627109375 0.06437499999999996 0.14656249999999993
1 0.363125 0.46625 0.051074218749999956 0.17082031249999996
1 0.6875390625 0.65421875 0.0489648437500001 0.21382812500000004
1 0.59779296875 0.6687109375 0.04181640624999994 0.21574218750000007
1 0.63748046875 0.6584375 0.06771484374999992 0.2198437499999999
1 0.388828125 0.67140625 0.03712890624999998 0.21699218750000004
1 0.5921484375 0.460234375 0.04490234375000002 0.18523437500000006
1 0.67654296875 0.4587890625 0.04714843749999997 0.17828125000000006
0 0.46859375 0.668515625 0.03216796874999994 0.2030078125000001