1 0.66126953125 0.6709375 0.06779296875000007 0.1908203125000001
1 0.6060546875 0.4605859375 0.028945312500000098 0.20816406250000002
1 0.63501953125 0.45843749999999994 0.03246093750000001 0.20382812499999997
0 0.47884765625 0.4697656250000001 0.03236328124999999 0.20726562500000006
0 0.44802734375 0.46722656250000005 0.027792968750000036 0.19042968750000006
1 0.7119921875 0.4558984375 0.0584570312499999 0.19718749999999996
1 0.28439453125 0.6354296875 0.06673828125000003 0.19023437499999996
1 0.33712890625 0.65640625 0.07804687499999996 0.1910546875000001
1 0.27052734375 0.44234375 0.06160156250000001 0.1946875
1 0.32509765625 0.4380078125 0.04947265624999997 0.22308593750000005
0 0.47322265625 0.6816796875 0.031152343749999978 0.1964062499999999