2 0.7528125 0.348515625 0.03656250000000005 0.1494140625
2 0.2708984375 0.321484375 0.04572265625000002 0.13398437499999993
2 0.26744140625 0.578125 0.05423828124999999 0.12277343750000003
2 0.7487109375 0.5901953125 0.05248046875000001 0.11152343750000004
1 0.34 0.42218750000000005 0.05255859375000005 0.16261718750000004
1 0.29611328125 0.4012109375 0.044960937499999964 0.16179687499999995
1 0.36673828125 0.62390625 0.04843750000000002 0.20011718750000007
1 0.68908203125 0.4279296875 0.04345703125 0.17414062500000005
1 0.72689453125 0.4038671875 0.05330078124999993 0.1959375
1 0.707578125 0.6121875 0.06400390624999996 0.18078125000000012
1 0.39685546875 0.4320703125 0.040820312499999956 0.19882812500000002
1 0.37083984375 0.4170312500000001 0.03199218749999999 0.20582031250000005