1 0.64576171875 0.6902734375 0.06062499999999993 0.17304687500000004
1 0.68796875 0.6759375 0.05605468750000009 0.17042968749999998
1 0.38884765625 0.7026171875 0.027871093749999964 0.17609374999999994
1 0.34544921875 0.6998046875 0.07125000000000004 0.17476562500000004
0 0.55115234375 0.713046875 0.027656249999999938 0.17957031249999988
0 0.4436328125 0.7154296875 0.027460937500000004 0.18867187500000004
1 0.3515234375 0.4970703125 0.04505859374999999 0.152578125
1 0.6660546875 0.4970703125 0.04417968750000001 0.152578125
1 0.6110546875 0.50421875 0.025917968749999964 0.15996093749999996
1 0.63458984375 0.4987890625 0.02464843750000001 0.16648437500000002
1 0.59791015625 0.70046875 0.03654296875000007 0.1804296875
1 0.3908984375 0.4946875 0.028515625000000044 0.16171875000000002
1 0.29888671875 0.693828125 0.06078125000000001 0.17546875000000006
1 0.70685546875 0.4721484375 0.052285156249999964 0.18445312500000005