1 0.44091796875 0.3099609375 0.04523437500000005 0.24031250000000004
1 0.47521484375 0.3277734375 0.028750000000000053 0.16132812500000002
1 0.50341796875 0.3180078125 0.03308593750000005 0.1765234375
1 0.54041015625 0.3512109375 0.03939453124999992 0.09359375000000003
1 0.57751953125 0.3127734375 0.03374999999999995 0.20429687500000002
0 0.74525390625 0.5098828125 0.05779296875000006 0.207265625
0 0.7097265625 0.5301171875 0.026308593750000053 0.14835937500000002
0 0.68580078125 0.53875 0.03507812500000007 0.138671875
0 0.6240625 0.5612890625 0.03484375000000006 0.215078125
0 0.59109375 0.56390625 0.03136718749999989 0.22722656250000006
0 0.6934375 0.3477734375 0.025371093750000018 0.11824218750000004
0 0.7183203125 0.3423046875 0.026015625000000098 0.08257812499999995
0 0.6530859375 0.55296875 0.0341796875 0.18312499999999998