3 0.30986328125 0.6872265625 0.055625000000000036 0.1756640625000001
3 0.33828125 0.5107421875 0.04652343749999999 0.17296874999999995
3 0.380390625 0.495546875 0.04044921874999996 0.1946875
3 0.5245703125 0.4644921875 0.04068359375000008 0.19167968749999997
3 0.6236328125 0.47406249999999994 0.044394531250000036 0.17257812499999997
3 0.54236328125 0.658125 0.0224609375 0.17824218749999998
3 0.687421875 0.6663671875 0.0484765625000001 0.18605468749999998
1 0.75166015625 0.4690625 0.05744140624999994 0.16953125000000002
1 0.24910156249999998 0.65703125 0.06589843749999999 0.14570312500000004
1 0.2544140625 0.509453125 0.057011718749999996 0.18035156250000006
1 0.70044921875 0.47273437499999993 0.05568359374999998 0.16648437499999996
1 0.74005859375 0.6553125 0.06546874999999996 0.19429687500000004
1 0.659765625 0.4744921875 0.026386718749999982 0.14566406250000002
1 0.63953125 0.6693359375 0.04714843749999997 0.19804687499999996
3 0.6872265625 0.669140625 0.05208984374999992 0.20835937500000012
1 0.36302734375 0.695859375 0.04103515624999998 0.20425781250000008