0 0.5371484375 0.6631640625 0.031542968749999956 0.15777343749999995
0 0.56419921875 0.6917578125 0.030097656249999938 0.20257812500000005
0 0.5423046875 0.4803515625 0.03771484374999989 0.1943359375
0 0.482890625 0.4951953125 0.029921874999999987 0.15484375000000006
1 0.70962890625 0.6397265625 0.06810546875000001 0.16843750000000002
1 0.29494140625 0.62640625 0.05699218750000001 0.15890625000000003
0 0.45431640625 0.48429687499999996 0.03443359374999999 0.18648437500000004
0 0.4951171875 0.66234375 0.03175781249999998 0.1561328125000001
1 0.34771484375 0.650625 0.05357421875000001 0.1696875
1 0.33671875 0.4576171875 0.04648437500000002 0.17464843749999992
0 0.42001953125 0.6621484375 0.031621093749999996 0.16363281249999995
0 0.4273828125 0.4711328125 0.027949218750000004 0.19492187500000002
1 0.65873046875 0.6598046875 0.05673828124999991 0.16417968750000012
1 0.59720703125 0.48 0.029804687499999982 0.1458984375000001
1 0.62623046875 0.4740234375 0.024238281249999938 0.16535156249999994