3 0.36486328125 0.497578125 0.03580078124999997 0.16656249999999995
3 0.3391796875 0.7001953125 0.059121093749999964 0.18246093749999992
1 0.28646484375 0.5264453125 0.05441406250000003 0.15156250000000004
3 0.292734375 0.68125 0.056679687499999964 0.15449218750000004
1 0.60716796875 0.7047265625 0.039511718750000036 0.19972656249999998
1 0.6440625 0.6563671875 0.056191406249999964 0.08250000000000002
1 0.70171875 0.68375 0.07078125000000002 0.16597656250000004
1 0.6201171875 0.5081640625 0.027949218749999893 0.17296875000000006
1 0.695 0.511015625 0.04833984375 0.16828124999999994
1 0.38203125 0.6803125 0.03361328124999996 0.15968749999999998
3 0.33126953125 0.5212890625 0.04535156250000005 0.16183593750000003
1 0.41525390625 0.67859375 0.03855468750000002 0.17628906249999998
1 0.40103515625 0.5016796875 0.03683593750000003 0.15171875000000007
1 0.59478515625 0.506015625 0.023984374999999947 0.16964843750000003