3 0.28265625 0.630859375 0.08173828125000002 0.1597656249999999
0 0.33974609375 0.6514453125 0.05736328125000001 0.18777343749999997
1 0.29580078125 0.451171875 0.05873046874999999 0.14082031250000004
3 0.4501953125 0.471328125 0.04265624999999995 0.18937500000000002
1 0.4847265625 0.464140625 0.03773437500000004 0.20374999999999993
3 0.5419921875 0.46308593749999993 0.03503906250000011 0.15648437499999995
3 0.57181640625 0.4473046875 0.030957031250000044 0.18808593750000002
3 0.61978515625 0.444609375 0.03263671875000007 0.16753906249999995
3 0.65546875 0.440703125 0.03996093750000007 0.18156250000000002
1 0.696484375 0.434296875 0.041796874999999956 0.16468749999999993
3 0.6590625 0.6335546875 0.05744140624999994 0.14789062500000005
0 0.54025390625 0.6750390625 0.028339843749999982 0.15828124999999993
3 0.71353515625 0.617734375 0.07181640624999996 0.1532031250000001
3 0.49705078125 0.6931640625 0.02794921874999995 0.13707031250000012
1 0.39181640625 0.6734765625 0.04279296875000005 0.1529296874999999
1 0.61861328125 0.648984375 0.0350195312499999 0.15187499999999998
1 0.58935546875 0.6723046875 0.03539062500000001 0.1734374999999999
3 0.44923828125 0.699453125 0.025898437499999982 0.1576171875000001
3 0.3985546875 0.4677734375 0.02912109375000005 0.13531249999999995
3 0.57005859375 0.692578125 0.03601562500000011 0.15496093750000006