1 0.31212890625 0.57109375 0.06191406249999998 0.16476562500000003
1 0.6763671875 0.5988671875 0.06539062500000004 0.18558593749999996
1 0.35759765625 0.38265625 0.04695312500000004 0.21207031249999997
1 0.31072265625 0.38484375 0.04158203125000004 0.16433593749999997
1 0.57892578125 0.4295703125 0.03980468749999999 0.18777343749999997
1 0.59390625 0.6246875 0.03937499999999994 0.17214843749999997
1 0.6373046875 0.6119140625 0.07347656250000001 0.17691406250000008
1 0.73712890625 0.563515625 0.07001953125000004 0.13480468749999996
1 0.69046875 0.388515625 0.04441406250000002 0.19601562500000003
1 0.627109375 0.4106640625 0.03199218749999999 0.19515624999999998
1 0.658359375 0.4206640625 0.027050781250000044 0.16648437500000002
1 0.607578125 0.42781250000000004 0.027656249999999938 0.17386718750000002
0 0.47076171875 0.425859375 0.026796875000000053 0.17343750000000002
3 0.4201953125 0.4098046875 0.02808593749999999 0.16214843749999996
1 0.3933984375 0.3989453125 0.031777343749999964 0.17519531249999998
0 0.520234375 0.638359375 0.02333984375000009 0.1517578125000001
0 0.46359375 0.6283984375 0.019414062499999996 0.14046874999999992
0 0.48248046875 0.6190625 0.020722656250000027 0.11746093749999997
0 0.50125 0.6253515625 0.020078124999999947 0.1361328125000001
0 0.52642578125 0.4360546875 0.030488281250000027 0.20078124999999997
1 0.7393359375 0.3862109375 0.051464843750000044 0.18523437500000006
1 0.350390625 0.599453125 0.07783203125000004 0.19968750000000002