2 0.75859375 0.6448828125 0.06929687500000004 0.12136718749999997
1 0.3250390625 0.47382812499999993 0.04261718749999999 0.16867187499999997
0 0.55701171875 0.6865625 0.03503906250000011 0.16999999999999993
0 0.43484375 0.6830859375 0.04001953125000002 0.1804296875
0 0.4662109375 0.68375 0.02115234374999997 0.17214843749999997
0 0.5290234375 0.673984375 0.026796875000000053 0.15351562500000004
0 0.4544921875 0.5020703125 0.03179687499999995 0.13824218749999995
0 0.48291015625 0.4686328125 0.028535156250000027 0.21378906250000002
0 0.5418359375 0.4868359375 0.030058593749999973 0.19468750000000007
1 0.3651953125 0.4873046875 0.03611328125000002 0.16777343749999996
1 0.3973046875 0.486875 0.03263671874999996 0.15996093750000007
0 0.5851171875 0.6811328125 0.04132812499999994 0.18085937500000004
1 0.6641015625 0.4795703125 0.05722656249999991 0.16632812500000005
1 0.70130859375 0.4669921875 0.0699609375000001 0.17828125000000006
1 0.28615234375 0.633359375 0.06818359374999994 0.17789062500000008
1 0.7059375 0.6419921875 0.05249999999999999 0.18695312500000005
0 0.56552734375 0.474609375 0.03894531250000011 0.22226562499999997