3 0.67029296875 0.716953125 0.027207031249999902 0.16132812500000004
3 0.63958984375 0.7232421875 0.03636718750000001 0.1695703125000001
3 0.66986328125 0.5389453125 0.03441406250000001 0.15996093749999996
3 0.64099609375 0.528515625 0.027031250000000062 0.16343750000000007
3 0.60671875 0.516796875 0.03484375000000006 0.21292968749999996
3 0.53845703125 0.52484375 0.03896484375000009 0.183828125
1 0.60193359375 0.694140625 0.033730468749999964 0.1374609375
1 0.5689453125 0.6930859375 0.0322265625 0.13960937500000004
1 0.57373046875 0.5498046875 0.03136718749999989 0.13089843749999996
1 0.49865234375 0.5456640625 0.03396484374999997 0.15953125000000007
1 0.46306640625 0.5439453125 0.035683593749999964 0.14562499999999995
1 0.42529296875 0.5593359375 0.045039062500000004 0.14519531250000006
1 0.53943359375 0.692421875 0.02181640624999992 0.13398437500000004
1 0.5128515625 0.690234375 0.02941406249999995 0.12093749999999992
1 0.45361328125 0.6937109375 0.03874999999999995 0.1452734375
1 0.4857421875 0.684375 0.027226562499999996 0.12921874999999994