3 0.426171875 0.6839453125 0.0380859375 0.18214843749999998
3 0.5806640625 0.68546875 0.03458984375000007 0.18953124999999993
3 0.33806640625 0.512890625 0.05128906249999998 0.17386718749999996
3 0.37626953125 0.507265625 0.037402343749999956 0.15910156250000002
3 0.410546875 0.5105078125 0.03654296874999996 0.11699218749999996
3 0.46349609375 0.48578125 0.02613281249999999 0.17515625
3 0.582734375 0.485546875 0.02855468750000001 0.15390625000000002
3 0.55353515625 0.4925 0.023984374999999947 0.12261718750000006
3 0.52423828125 0.492734375 0.03460937500000005 0.14390625
3 0.64056640625 0.4920703125 0.036582031250000036 0.16691406250000002
3 0.6110546875 0.4896875 0.025917968749999964 0.16562500000000002
1 0.61072265625 0.6609375 0.023085937500000098 0.11007812500000003
1 0.6348046875 0.6587890625 0.02351562499999993 0.09707031250000009
1 0.6674609375 0.6596484375 0.03458984375000007 0.08144531250000009
1 0.726484375 0.6672265625 0.08173828125000004 0.1530859375
2 0.72572265625 0.668125 0.07673828124999993 0.13742187500000003
1 0.2895703125 0.5361328125 0.04917968750000001 0.16124999999999995