0 0.58109375 0.723046875 0.02677734375000007 0.1734765625000001
0 0.41921875 0.7028515625 0.03289062499999995 0.17218749999999994
0 0.53109375 0.7171484375 0.02767578124999992 0.15742187500000004
0 0.55939453125 0.547421875 0.02529296875000009 0.17339843749999995
1 0.74345703125 0.68578125 0.06791015624999996 0.15199218749999988
1 0.29724609375 0.52375 0.049277343750000036 0.16019531249999996
1 0.34380859375 0.527890625 0.04988281250000004 0.16839843750000005
1 0.35212890625 0.71171875 0.06941406250000004 0.18246093749999992
1 0.69123046875 0.718671875 0.0621484375000001 0.15531249999999996
1 0.64908203125 0.7217578125 0.05599609374999992 0.16558593749999995
1 0.6676953125 0.55234375 0.04181640624999994 0.172109375