1 0.6819140625 0.658359375 0.05955078125000002 0.16082031250000006
1 0.68818359375 0.4790234375 0.04042968750000009 0.16730468749999994
1 0.64294921875 0.4837890625 0.04865234374999994 0.17433593749999998
1 0.3682421875 0.6912890625 0.050253906250000036 0.2134765624999999
1 0.31685546875 0.6641015625 0.04119140624999995 0.17230468750000005
1 0.52328125 0.67625 0.026425781249999947 0.18425781250000006
0 0.52337890625 0.4880859375 0.03957031249999998 0.14921875000000007
0 0.46673828125 0.6671875 0.016132812499999982 0.14968749999999997
1 0.62814453125 0.681796875 0.0535742187499999 0.199453125
1 0.37001953125 0.4891015625 0.046757812499999996 0.15046875000000004
1 0.3242578125 0.48234374999999996 0.04449218750000006 0.17062499999999997
1 0.41154296875 0.698125 0.03630859374999995 0.193125