3 0.69384765625 0.619296875 0.0653125000000001 0.15339843749999993
3 0.64212890625 0.6464453125 0.04042968750000009 0.19453125000000004
3 0.411953125 0.6470703125 0.03195312500000003 0.21632812499999998
3 0.60173828125 0.4239453125 0.03240234375000006 0.18214843749999998
3 0.62794921875 0.41984375 0.02603515625000008 0.18378906249999993
1 0.71162109375 0.430546875 0.04126953124999999 0.14921874999999996
1 0.66330078125 0.42683593749999993 0.0391992187500001 0.16648437499999996
1 0.3457421875 0.4375390625 0.04757812500000003 0.15496093749999995
1 0.29546875 0.434453125 0.04777343749999996 0.1611328125
1 0.316953125 0.64828125 0.05908203125 0.19414062499999996
1 0.37216796875 0.6380078125 0.04080078124999997 0.16531249999999997
1 0.37916015625 0.4254296875 0.027460937500000004 0.18941406250000004