3 0.63513671875 0.4255859375 0.02808593749999999 0.22160156249999996
3 0.606875 0.425390625 0.03035156249999993 0.22203124999999996
3 0.5771484375 0.42046875 0.02890624999999991 0.21542968750000002
3 0.5146484375 0.4122265625 0.025605468750000027 0.21542968749999997
3 0.47681640625 0.4138671875 0.023945312499999982 0.202265625
3 0.43642578125 0.42374999999999996 0.029082031249999973 0.20554687499999996
3 0.40609375 0.4146875 0.03050781250000001 0.20390624999999996
3 0.3714453125 0.4083203125 0.037304687500000044 0.2199609375
3 0.62650390625 0.6605078125 0.05523437499999995 0.19601562500000003
3 0.6776953125 0.63171875 0.05812499999999998 0.1548828124999999
1 0.37380859375 0.65 0.06052734375000002 0.20050781249999994