3 0.524140625 0.4770703125 0.04156249999999995 0.22726562500000003
1 0.311640625 0.46785156250000004 0.05337890624999997 0.17992187500000006
1 0.3606640625 0.468671875 0.05892578125000003 0.21445312500000002
1 0.64322265625 0.4703125 0.06277343749999997 0.16839843750000005
1 0.69185546875 0.4437890625 0.0674999999999999 0.18523437499999995
1 0.69 0.6337890625 0.09257812499999996 0.18695312500000005
1 0.74931640625 0.5632421875 0.10222656250000006 0.15691406250000006
1 0.2548046875 0.59859375 0.08154296875 0.1783203124999999
1 0.30341796875 0.6391015625 0.08298828125000002 0.20585937499999996
1 0.60931640625 0.4604296875 0.03195312500000003 0.1980078125
1 0.63603515625 0.6693359375 0.08539062500000005 0.18820312500000003
1 0.3704296875 0.67078125 0.08050781249999994 0.19519531249999988