1 0.65884765625 0.75390625 0.03646484374999992 0.09636718750000006
1 0.302734375 0.51953125 0.05337890624999997 0.17449218750000006
1 0.34439453125 0.52015625 0.04818359375000003 0.21832031249999995
1 0.3807421875 0.5251953125 0.03257812500000001 0.22746093750000002
1 0.64880859375 0.5222265625 0.04355468749999991 0.20070312499999998
1 0.68880859375 0.5091015625 0.05728515625000008 0.1796875
1 0.38287109375 0.72140625 0.03816406250000004 0.158203125
1 0.61158203125 0.7078125 0.04718749999999994 0.15851562499999994
1 0.57697265625 0.72171875 0.029804687499999982 0.1649218750000001
1 0.41390625 0.7248828125 0.03558593749999994 0.15609374999999992
1 0.61501953125 0.53453125 0.029824218749999964 0.18500000000000005
1 0.58857421875 0.5458203125 0.029355468749999947 0.15324218750000002