3 0.62208984375 0.5746875 0.02953125000000001 0.18996093749999998
3 0.5959765625 0.5608984375 0.02417968749999999 0.19121093749999996
3 0.57427734375 0.5569921875 0.021503906249999982 0.21218749999999997
3 0.548984375 0.75046875 0.03259765625000011 0.18386718749999997
3 0.5045703125 0.736484375 0.026015625000000042 0.17234375000000002
3 0.48134765625 0.7389453125 0.02312499999999995 0.14437499999999992
3 0.48216796875 0.5121484375 0.026425781249999947 0.1965234375
3 0.4563671875 0.52390625 0.03689453124999997 0.19941406250000004
3 0.4261328125 0.5259375 0.03648437500000001 0.22820312500000006
1 0.39189453125 0.5970703125 0.05230468750000006 0.16488281249999992
1 0.54744140625 0.534765625 0.027460937499999893 0.15128906250000002
1 0.5208203125 0.5325 0.021484375 0.14265624999999998