3 0.276015625 0.6761328125 0.07125000000000001 0.1491796875
3 0.64587890625 0.6761328125 0.050000000000000044 0.16652343749999998
1 0.70490234375 0.657265625 0.057656249999999964 0.12441406250000009
1 0.33046875 0.6889453125 0.06214843749999999 0.19648437500000004
3 0.65302734375 0.48882812500000006 0.05128906249999998 0.16039062500000006
3 0.70044921875 0.48640625 0.0470117187500001 0.16953125000000002
1 0.3733203125 0.4783984375 0.03501953125000001 0.18124999999999997
1 0.33095703125 0.49828125 0.050898437500000004 0.15851562499999994
1 0.28861328125 0.495390625 0.048457031250000004 0.16101562500000005
1 0.61435546875 0.48429687499999996 0.03173828125 0.17992187499999995
1 0.400859375 0.47441406249999996 0.03445312499999997 0.19308593749999997