2 0.7621875 0.6769921875 0.07427734374999995 0.1335546875
2 0.27037109375 0.66875 0.06517578125000001 0.12570312500000003
0 0.5485546875 0.7087109375 0.02962890624999992 0.22296874999999994
0 0.52685546875 0.675078125 0.02962890624999992 0.1687109375
0 0.47064453125 0.47968750000000004 0.027246093749999978 0.16996093750000002
1 0.61177734375 0.4861328125 0.04839843749999995 0.1959375
1 0.6515625 0.7151953125 0.06916015624999994 0.2017578124999999
1 0.700390625 0.72546875 0.07839843749999997 0.23058593750000012
1 0.35779296875 0.4709375 0.05316406250000005 0.1901953125
1 0.579296875 0.71890625 0.045937499999999964 0.23386718750000002
1 0.65197265625 0.4865625 0.05353515624999994 0.20500000000000002
1 0.3908984375 0.4637109374999999 0.04123046875000003 0.20457031249999996
1 0.4218359375 0.46125 0.043496093749999964 0.2325390625
1 0.69359375 0.49128906249999993 0.06072265625000006 0.20210937499999998
1 0.3671484375 0.6927734375 0.05748046875000001 0.1939453124999999
0 0.49089843750000006 0.6800390625 0.025390625000000056 0.193125