1 0.71412109375 0.4918359375 0.04542968749999998 0.16300781250000002
1 0.74970703125 0.4666796875 0.04832031250000002 0.14390624999999996
1 0.60779296875 0.5159375 0.03701171875000009 0.19730468749999996
1 0.58576171875 0.731484375 0.029609374999999938 0.19476562500000005
1 0.42376953125 0.711953125 0.02898437499999995 0.1991015625000001
1 0.34923828125 0.6850390625 0.07884765625000001 0.17999999999999994
1 0.3969921875 0.7073828125 0.03546875000000005 0.1943359375
1 0.7125 0.6825 0.08208984374999995 0.1849218749999999
1 0.65576171875 0.709453125 0.07552734374999992 0.19027343749999992
1 0.75669921875 0.6237109375 0.08414062500000008 0.15445312500000008
1 0.23845703125 0.4392578125 0.06326171874999997 0.18441406250000003
1 0.28583984375 0.451796875 0.05728515624999997 0.20539062499999994
1 0.3401171875 0.4717578125 0.05892578125000003 0.2247265625