1 0.75748046875 0.5101171875 0.06306640624999993 0.19734374999999998
1 0.74822265625 0.299765625 0.04867187499999992 0.16726562499999997
1 0.39888671875 0.55328125 0.028457031249999987 0.2097265625
1 0.37884765625 0.327109375 0.04386718749999996 0.18496093749999998
1 0.31849609375 0.5602734375 0.04449218749999995 0.21546874999999993
1 0.25650390625 0.5160546875 0.05001953125000003 0.1887109375
1 0.2448828125 0.3269140625 0.05351562499999998 0.1722265625
1 0.297421875 0.3318359375 0.04550781250000002 0.16562500000000002
1 0.34287109375 0.334296875 0.04181640625000005 0.17058593749999998
1 0.3616796875 0.5637890625 0.03378906250000002 0.2019140625
1 0.70515625 0.3087890625 0.04269531250000003 0.18539062500000003
1 0.698671875 0.5329296875 0.04742187499999995 0.18132812500000006
1 0.64716796875 0.5524609375 0.03363281250000005 0.20804687499999996
1 0.61365234375 0.5419921875 0.028281250000000036 0.19941406250000004
1 0.66392578125 0.3059375 0.036328125000000044 0.20429687500000002
1 0.62990234375 0.2954296875 0.03199218749999999 0.245