1 0.33568359375 0.619296875 0.06908203125000001 0.14480468749999997
1 0.62232421875 0.4775390625 0.03980468749999999 0.16562499999999997
1 0.66009765625 0.46210937499999993 0.04093750000000007 0.14523437499999997
1 0.3749609375 0.4746875 0.038281250000000044 0.14957031249999997
1 0.40599609375 0.4658203125 0.023964843749999964 0.16300781250000002
1 0.42529296875 0.4558203125 0.024394531250000018 0.15695312500000003
0 0.4465625 0.457109375 0.025273437499999996 0.16300781249999996
0 0.4676171875 0.4636328125 0.022246093749999973 0.15867187500000002
1 0.5206640625 0.640546875 0.020937500000000053 0.14742187500000004
3 0.5418359375 0.6362109375 0.030058593749999973 0.13874999999999993
0 0.51501953125 0.46234375 0.03374999999999995 0.18730468750000007
0 0.55365234375 0.45406250000000004 0.025937499999999947 0.17777343750000002
0 0.45296875 0.6370703125 0.018984375000000053 0.14046874999999992
1 0.42798828125 0.650625 0.031152343749999978 0.15324218750000007
0 0.47064453125 0.6348046875 0.01984375000000005 0.14210937499999998