3 0.61001953125 0.6783984375 0.05078125 0.20574218750000006
1 0.65689453125 0.66796875 0.07943359374999992 0.1953125
1 0.60353515625 0.4731640625 0.05599609374999992 0.18179687500000002
1 0.3046875 0.6380078125 0.07291015624999997 0.19792968750000006
1 0.353515625 0.66796875 0.07421875 0.21613281249999994
1 0.306640625 0.4505078125 0.05599609375000003 0.15105468749999995
1 0.34830078125 0.4609375 0.05337890624999997 0.171875
1 0.38462890625 0.4684765625 0.027050781250000044 0.18175781249999995
1 0.65494140625 0.45050781249999994 0.04947265625000008 0.18749999999999994
0 0.3971484375 0.6809375 0.04802734374999995 0.19339843749999996
1 0.4088671875 0.47648437500000007 0.02457031249999997 0.16335937500000003