3 0.2750390625 0.5569921875 0.05367187500000001 0.22769531250000002
3 0.6744140625 0.5402734375 0.05714843749999998 0.250703125
1 0.32298828125 0.5500390625 0.046582031250000044 0.24851562500000002
1 0.36498046875 0.5513671875 0.02855468750000001 0.25980468749999996
1 0.393671875 0.5480859375 0.03384765624999997 0.25937499999999997
1 0.72931640625 0.5494140625 0.054394531250000044 0.260234375
1 0.66041015625 0.2539453125 0.029433593750000098 0.2568359375
1 0.62796875 0.255703125 0.033730468749999964 0.23601562499999998
1 0.70283203125 0.270390625 0.057578125000000036 0.248046875
1 0.75111328125 0.281484375 0.056347656250000044 0.23542968750000004
1 0.36822265625 0.259609375 0.03871093749999999 0.25421875000000005
1 0.33763671875 0.264375 0.02595703125000004 0.25335937500000005
1 0.29802734375 0.2828125 0.04441406250000002 0.2381640625
1 0.25126953125 0.29171875 0.05287109374999999 0.2420703125
1 0.6289453125 0.538984375 0.033496093749999956 0.23941406250000002