3 0.449609375 0.4990234375 0.027871093749999964 0.17039062500000002
3 0.5382421875 0.4953125 0.0263671875 0.15605468750000007
1 0.2792578125 0.6177734375 0.06039062500000003 0.14089843749999997
1 0.321796875 0.64640625 0.07082031249999998 0.1461328125000001
1 0.367265625 0.6744140625 0.08189453125000001 0.16304687500000004
1 0.62015625 0.5068359375 0.035449218749999956 0.15824218749999996
1 0.65619140625 0.5144140625 0.04005859374999998 0.152578125
1 0.6939453125 0.495546875 0.042675781250000044 0.15996093750000007
1 0.40478515625 0.5053125 0.028515625000000044 0.16214843749999996
1 0.37712890625 0.510078125 0.03394531249999999 0.16125000000000006
1 0.3387109375 0.49078125 0.04564453125000001 0.16082031249999995
1 0.4251953125 0.6755078125 0.031132812499999996 0.1608984375
1 0.6208203125 0.6995703125 0.03701171875000009 0.17867187500000004
1 0.29724609375 0.4809765625 0.04273437499999999 0.146484375