3 0.730234375 0.3290234375 0.05832031250000003 0.24691406250000003
3 0.6737890625 0.3370703125 0.060996093750000036 0.22757812499999996
1 0.746796875 0.58484375 0.06140625000000011 0.2321875
1 0.35099609375 0.379609375 0.035449218749999956 0.2049609375
1 0.3711328125 0.6421875 0.041210937500000044 0.2062890625
1 0.27798828125 0.3746875 0.05804687499999997 0.19179687499999998
1 0.60328125 0.3557421875 0.03589843749999999 0.22636718749999998
0 0.57201171875 0.6364453125 0.029316406249999982 0.21781249999999996
0 0.51958984375 0.6498046875 0.032187500000000036 0.2239843749999999
0 0.46869140625 0.3859765625 0.03689453124999997 0.18234375000000003
1 0.38830078125 0.370703125 0.04412109374999995 0.21484375
1 0.2609375 0.602890625 0.060917968749999996 0.20921875
0 0.55978515625 0.364140625 0.03833984374999999 0.24773437500000003
0 0.51587890625 0.37171875 0.04595703124999995 0.23664062499999994