1 0.307265625 0.6144921875 0.07820312500000004 0.14742187500000004
1 0.63416015625 0.440859375 0.051562499999999956 0.18253906249999996
1 0.55994140625 0.43195312499999994 0.03505859375000009 0.21335937500000002
1 0.4266015625 0.4226171875 0.030468750000000044 0.22945312500000004
1 0.39697265625 0.43867187500000004 0.025292968749999978 0.19558593749999997
1 0.3744140625 0.4605859375 0.023574218749999987 0.13871093749999996
1 0.3582421875 0.6576953125 0.06736328125000002 0.18605468749999998
1 0.40111328125 0.6596484375 0.03156250000000005 0.18562499999999993
1 0.67615234375 0.6403515625 0.08666015625000001 0.16867187500000003
3 0.59671875 0.6722265625 0.03744140624999992 0.18476562500000004
3 0.33271484375 0.4295703125 0.06056640624999998 0.18402343750000005
1 0.591015625 0.4343359375 0.04058593749999995 0.21402343750000008