1 0.66486328125 0.5016015625 0.04875000000000007 0.18253906250000002
1 0.753828125 0.4970703125 0.05105468749999997 0.152578125
1 0.71205078125 0.5094140625 0.047812500000000036 0.16691406250000002
1 0.62494140625 0.4920703125 0.027636718749999956 0.20164062500000002
1 0.23486328125 0.459609375 0.05400390624999998 0.13714843750000005
1 0.27494140625 0.5050390625 0.04783203125000002 0.19101562499999997
1 0.319140625 0.5007421875 0.04988281250000004 0.20292968749999996
0 0.46087890625 0.6969140625 0.031152343749999978 0.19230468750000007
0 0.4452734375 0.5015625 0.041015625 0.18812500000000004
0 0.6139453125 0.7234375 0.04736328125 0.22480468750000004
0 0.6612109375 0.717890625 0.06791015624999996 0.22605468750000002
0 0.70912109375 0.7057421875 0.0855859375000001 0.2141015625
0 0.2808984375 0.699140625 0.06386718749999998 0.2009375
0 0.4316015625 0.7223828125 0.040410156249999996 0.21042968750000002