3 0.2497265625 0.6969140625 0.04878906249999998 0.19890625000000006
3 0.30400390625 0.70140625 0.05042968749999999 0.19972656249999998
1 0.281484375 0.5033984375 0.05763671874999998 0.17785156249999995
3 0.69970703125 0.68765625 0.05853515625000005 0.2009375
1 0.761171875 0.6901171875 0.06224609375000001 0.20589843749999992
3 0.72806640625 0.4625 0.04949218750000006 0.22351562499999994
1 0.68078125 0.445234375 0.03384765625000008 0.20867187499999995
1 0.64357421875 0.43265625 0.037558593750000036 0.20417968750000004
1 0.3516015625 0.698515625 0.03914062500000004 0.2154296874999999
3 0.32373046875 0.4821484375 0.038378906249999956 0.17121093749999994
1 0.65169921875 0.6847265625 0.034472656249999956 0.21664062499999992