3 0.29232421875 0.4713671875 0.06119140624999997 0.21355468749999995
3 0.32162109375 0.47394531249999994 0.05208984375000003 0.21874999999999994
3 0.35677734375 0.44660156249999994 0.04427734375000003 0.22656249999999994
3 0.38736328125 0.43359375 0.05859375 0.23175781249999994
3 0.42642578125 0.4140625 0.04037109375000003 0.23957031249999994
3 0.45572265625 0.4166796875 0.03384765624999997 0.22917968749999995
3 0.484375 0.42316406249999994 0.03125 0.22656249999999994
3 0.51302734375 0.4244921875 0.0390625 0.21355468749999995
3 0.537109375 0.4244921875 0.03255859374999992 0.21355468749999995
3 0.568359375 0.4166796875 0.04556640625000008 0.22394531250000005
3 0.61458984375 0.4270703125 0.04166015625000008 0.20832031250000005
3 0.646484375 0.4192578125 0.04037109374999992 0.22917968749999995
3 0.67708984375 0.42316406249999994 0.04166015625000008 0.24218749999999994
3 0.712890625 0.4153515625 0.04818359374999992 0.25261718749999995
3 0.33658203125 0.7044140625 0.04818359375000003 0.23699218750000006
3 0.373046875 0.70703125 0.04556640624999997 0.25261718750000006
3 0.404296875 0.6926953125 0.04296875 0.22917968750000006
3 0.44140625 0.7200390625 0.04166015624999997 0.26300781249999994
3 0.49478515625 0.7044140625 0.05208984375000003 0.2421875
3 0.541015625 0.6953125 0.04556640625000008 0.234375
3 0.57357421875 0.6940234375 0.04556640625000008 0.23699218750000006
3 0.60220703125 0.67578125 0.04037109374999992 0.22136718750000006
3 0.646484375 0.6848828125 0.04818359374999992 0.22394531249999994