3 0.29640625 0.44367187500000005 0.03044921874999995 0.12914062500000006
3 0.4251953125 0.4469140625 0.03458984374999996 0.16691406250000002
3 0.59845703125 0.457109375 0.02529296875000009 0.16300781249999996
3 0.33958984375 0.6325 0.06126953125000001 0.15304687500000003
1 0.2418359375 0.6099609375 0.06365234375000003 0.12527343749999997
1 0.38634765625 0.6359765625 0.04371093749999999 0.15999999999999992
1 0.63361328125 0.6585546875 0.036328125000000044 0.15304687500000003
1 0.60443359375 0.6596484375 0.02353515624999991 0.16824218749999997
1 0.4257421875 0.64140625 0.03220703125000002 0.16652343749999998
3 0.71642578125 0.4425390625 0.04466796875000001 0.1646875
0 0.5299609375 0.63890625 0.029492187500000044 0.18324218749999988