1 0.2890234375 0.6273046875 0.05388671874999995 0.14265624999999993
1 0.64154296875 0.53875 0.028124999999999956 0.15605468749999996
1 0.61875 0.5269921875 0.02595703124999993 0.15343750000000006
1 0.5954296875 0.531796875 0.02962890624999992 0.14910156250000006
1 0.5281640625 0.541328125 0.03570312499999995 0.168203125
0 0.4109765625 0.6490234375 0.026992187499999987 0.15132812500000004
0 0.66248046875 0.6833203125 0.03181640624999993 0.12441406250000009
0 0.69220703125 0.6783203125 0.027050781250000044 0.1344140625000001
0 0.46380859375 0.6264453125 0.03199218749999999 0.17562499999999992
0 0.44048828125 0.6381640625 0.03201171874999997 0.17300781250000008
0 0.55810546875 0.5176953125 0.027890624999999947 0.12437499999999996
1 0.6036328125 0.681171875 0.03541015624999999 0.1513671875