0 0.56048828125 0.3820703125 0.03330078124999991 0.23371093749999994
0 0.52544921875 0.3905078125 0.03916015624999991 0.22027343749999995
0 0.55017578125 0.6208203125 0.03289062500000006 0.22511718749999998
1 0.71056640625 0.3633984375 0.05968749999999989 0.22429687500000006
1 0.7569140625 0.33890625 0.06398437499999998 0.2205859375
1 0.24380859375000002 0.35125 0.05750000000000002 0.21238281250000002
1 0.7590625 0.5873046875 0.10736328125000005 0.21738281249999997
1 0.80419921875 0.5245703125 0.0927734375 0.19144531249999996
1 0.29642578125 0.3572265625 0.05583984374999995 0.23664062500000002
1 0.20916015625 0.5358984375 0.09882812500000002 0.19515624999999998
1 0.26076171875 0.593046875 0.11896484374999997 0.20914062500000002