3 0.636875 0.697421875 0.06453124999999993 0.18304687500000005
3 0.328515625 0.441484375 0.04435546874999996 0.17691406249999997
3 0.60171875 0.4842578125 0.028945312500000098 0.18253906250000002
3 0.63578125 0.4666796875 0.05480468749999989 0.19601562500000003
1 0.29955078125 0.6398828125 0.08708984375000006 0.17648437500000003
1 0.3490234375 0.66875 0.08363281249999999 0.17781249999999993
1 0.6713671875 0.496171875 0.042675781250000044 0.16472656249999995
1 0.3783203125 0.45624999999999993 0.05542968749999999 0.18210937499999996
0 0.43615234375 0.71390625 0.046093750000000044 0.19867187500000005
3 0.59265625 0.715625 0.04386718750000007 0.2009375
0 0.4703515625 0.4809765625 0.025390625 0.21281250000000002