3 0.700546875 0.59671875 0.06386718750000009 0.15523437500000004
3 0.29478515625 0.4128515625 0.06191406249999998 0.19949218749999997
3 0.34142578125 0.4048046875 0.06843750000000004 0.21121093749999997
3 0.39611328125 0.406328125 0.06324218749999999 0.18648437500000004
3 0.6186328125 0.4108984375 0.045449218749999964 0.21640624999999997
3 0.64490234375 0.41109375 0.02791015624999993 0.22031250000000002
3 0.70869140625 0.4206640625 0.047890624999999964 0.18386718749999997
3 0.4059765625 0.6264453125 0.03679687499999995 0.2103515625000001
1 0.29552734375 0.6242578125 0.07197265625000004 0.21468749999999992
1 0.35716796875 0.62125 0.06517578125000001 0.19992187500000003
1 0.63068359375 0.628828125 0.0369726562499999 0.20210937500000004
1 0.43962890625 0.6116796875 0.03220703125000002 0.18082031250000008
1 0.67224609375 0.43562500000000004 0.02531250000000007 0.15824218750000002
1 0.44396484375 0.394609375 0.04437500000000005 0.19777343749999998