1 0.6596484375 0.624921875 0.0623632812499999 0.16824218749999997
1 0.38048828125 0.604296875 0.07712890625000002 0.17476562500000004
3 0.42595703125 0.6183984375 0.044804687499999996 0.1812499999999999
3 0.460234375 0.626875 0.04566406249999999 0.1851953125000001
3 0.478359375 0.411875 0.024628906250000027 0.20140625
3 0.60150390625 0.450390625 0.02791015624999993 0.14609375000000002
3 0.6255859375 0.440625 0.027480468750000098 0.14390625
1 0.63806640625 0.649140625 0.05609375000000005 0.19503906250000003
1 0.687109375 0.4282421875 0.03248046874999999 0.18167968749999996
1 0.65390625 0.4341015625 0.03566406249999998 0.16562499999999997
1 0.3032421875 0.402421875 0.04933593749999998 0.15085937500000002
1 0.44048828125 0.4354296875 0.046093750000000044 0.15433593749999996
1 0.33849609375 0.408515625 0.03306640625000001 0.17343750000000002
0 0.38451171875 0.3998046875 0.053906250000000044 0.19082031249999998