3 0.5119921875 0.7017578125 0.0224609375 0.1569921875
1 0.71990234375 0.4925 0.05578124999999989 0.18320312500000002
1 0.67333984375 0.5027734375 0.05517578125 0.1791015625000001
1 0.71744140625 0.6891015625 0.07550781249999994 0.18160156250000004
1 0.27380859375 0.514296875 0.05173828125000002 0.18566406250000012
1 0.32068359375 0.504453125 0.05501953125000003 0.1988281249999999
1 0.2769921875 0.71375 0.07826171874999999 0.19808593749999992
0 0.48525390625 0.51328125 0.044921875 0.20417968749999993
0 0.52482421875 0.5062890625 0.03976562500000003 0.21488281249999996
0 0.55791015625 0.5017578125 0.027851562499999982 0.19761718750000012
0 0.451015625 0.50546875 0.036093750000000036 0.2132421874999999
1 0.66615234375 0.72484375 0.08435546874999988 0.21207031250000008
0 0.560703125 0.728984375 0.027226562500000107 0.22027343749999995