1 0.66619140625 0.4589453124999999 0.05646484374999994 0.1516015625
1 0.61078125 0.640703125 0.043906250000000036 0.18949218749999996
1 0.57572265625 0.6359765625 0.03835937499999997 0.17921874999999998
1 0.39828125 0.652421875 0.03957031249999998 0.1891015625000001
1 0.39970703125 0.46636718749999995 0.04656249999999995 0.13351562500000003
1 0.35796875 0.461015625 0.04449218750000006 0.15738281249999997
1 0.27923828125 0.47046875 0.052285156249999964 0.17464843749999992
1 0.5917578125 0.42765625 0.05070312500000007 0.18121093750000006
1 0.35818359375 0.6473046875 0.03749999999999998 0.18292968749999994
0 0.51248046875 0.43816406250000006 0.0325781249999999 0.18191406249999997
0 0.478671875 0.43015625 0.03404296875000001 0.18234375000000003
0 0.5434375 0.431796875 0.03197265625000001 0.18230468749999995