3 0.32357421875 0.7109375 0.03255859375000003 0.1875
3 0.62435546875 0.69140625 0.03775390625000008 0.16925781249999994
3 0.66927734375 0.6887890625 0.04166015625000008 0.15886718750000006
3 0.67513671875 0.5260546875 0.05078125 0.18230468750000006
3 0.38998046875 0.6862109375 0.03515625 0.19011718750000006
3 0.28580078125 0.5247265625 0.05078125 0.16925781249999994
1 0.28255859375 0.6744921875 0.08072265624999997 0.17707031249999994
1 0.62564453125 0.515625 0.05337890625000008 0.16667968750000006
1 0.58333984375 0.6809765625 0.03646484374999992 0.1953125
3 0.56640625 0.49609375 0.05990234374999992 0.18488281249999994
1 0.3828125 0.5012890625 0.04166015624999997 0.18488281249999994
3 0.45833984375 0.50390625 0.046875 0.17449218750000006
1 0.333984375 0.5234375 0.05859375 0.1875