1 0.706796875 0.359453125 0.06244140625000005 0.1893359375
3 0.69107421875 0.5759765625 0.0511328124999999 0.21695312500000002
1 0.3069921875 0.589375 0.05105468749999997 0.22644531250000005
0 0.53818359375 0.543515625 0.029511718750000027 0.19636718749999998
0 0.47732421875 0.5683984375 0.029511718750000027 0.2255859375
0 0.4484375 0.565078125 0.024765625000000013 0.18609374999999995
0 0.5045703125 0.3446484375 0.03423828124999995 0.20578125000000003
3 0.34791015625 0.59796875 0.03667968749999995 0.26515625
3 0.3805859375 0.59671875 0.03708984375000002 0.2314453125
0 0.5436328125 0.3285546875 0.03566406249999998 0.21609374999999997
1 0.21826171875 0.3565234375 0.04949218750000001 0.202890625
1 0.26998046875 0.34828125 0.05257812500000003 0.20949218749999998