3 0.42708984375 0.44402343750000006 0.0390625 0.22656250000000006
3 0.291015625 0.48566406249999994 0.04818359375000003 0.19531249999999994
1 0.30404296875 0.6809765625 0.06380859375000003 0.17449218750000006
1 0.50455078125 0.6536328125 0.03515625 0.1875
1 0.52474609375 0.6497265625 0.02083984374999992 0.20050781249999994
1 0.54427734375 0.6614453125 0.02603515625000008 0.21355468750000006
1 0.57552734375 0.6848828125 0.03646484374999992 0.24480468750000006
1 0.60416015625 0.7109375 0.03125 0.21355468750000006
1 0.63412109375 0.7057421875 0.02865234374999992 0.18230468750000006
1 0.67578125 0.7096484375 0.05208984374999992 0.1953125
1 0.365234375 0.7096484375 0.05599609375000003 0.1796875
1 0.40494140625 0.6979296875 0.04166015624999997 0.18230468750000006
1 0.44662109375 0.6966015625 0.04947265624999997 0.20050781249999994
1 0.33658203125 0.4921875 0.04296875 0.1875
1 0.37240234375 0.4895703125 0.04427734375000003 0.19269531250000005
1 0.39322265625 0.4817578125 0.04947265624999997 0.19792968749999995
1 0.46353515625 0.4544140625 0.03646484375000003 0.18488281250000005
1 0.48763671875 0.4479296875 0.03775390624999997 0.17707031250000005
1 0.52017578125 0.4453125 0.03515625 0.18230468750000006
1 0.55208984375 0.44140625 0.03384765625000008 0.1796875
1 0.61068359375 0.4674609375 0.0390625 0.19011718749999995
1 0.64779296875 0.4635546875 0.03515625 0.19792968749999995
1 0.68033203125 0.4713671875 0.04296875 0.19269531250000005