3 0.670078125 0.6103125 0.05689453124999999 0.15484374999999995
1 0.3086328125 0.5957421875 0.06585937499999994 0.13800781249999994
1 0.36671875 0.622265625 0.04839843749999995 0.12113281249999996
1 0.40568359375 0.617109375 0.042851562499999996 0.13472656250000004
1 0.5201953125 0.4571484375 0.027656249999999938 0.13878906250000006
1 0.5751953125 0.45816406249999997 0.026230468749999902 0.16964843749999997
3 0.55330078125 0.6247265625 0.04205078124999995 0.15898437499999996
1 0.6923046875 0.4655859375 0.06017578124999989 0.12437499999999996
1 0.6470703125 0.4659765625 0.03548828124999992 0.1334375
1 0.5992578125 0.4643359375 0.02253906249999993 0.14003906250000003
1 0.61806640625 0.6074609375 0.04742187499999995 0.1532031250000001