1 0.70052734375 0.6809765625 0.07291015625000008 0.1484375
1 0.65625 0.7018359375 0.0546875 0.16925781249999994
1 0.37564453125 0.5221484375 0.04818359375000003 0.1328125
1 0.376953125 0.6926953125 0.05337890624999997 0.17707031249999994
1 0.33333984375 0.6796875 0.06509765624999997 0.15625
1 0.28451171875 0.6393359375 0.06119140624999997 0.16925781249999994
1 0.61783203125 0.53515625 0.02994140625000008 0.14324218750000006
1 0.64712890625 0.52734375 0.03646484374999992 0.13800781249999994
1 0.68294921875 0.5130078125 0.04818359374999992 0.13542968750000006
1 0.6171875 0.69921875 0.046875 0.14324218750000006
1 0.40298828125 0.5234375 0.03515625 0.140625