0 0.27513671875 0.6001953125 0.07298828125000001 0.12742187500000002
0 0.34349609375 0.6303515625 0.02464843750000001 0.1400390625000001
0 0.37126953125 0.633828125 0.03263671874999996 0.12960937500000003
0 0.40142578125 0.6525 0.02873046874999996 0.12355468749999998
0 0.451875 0.668984375 0.035273437500000004 0.19124999999999992
0 0.42693359375 0.6594140625 0.024433593749999982 0.17214843749999997
0 0.573828125 0.4683984375 0.02464843750000001 0.19253906250000002
0 0.6080078125 0.6379296875 0.03718749999999993 0.10746093749999996
0 0.64837890625 0.600390625 0.03978515625000001 0.12351562500000002
0 0.73365234375 0.560234375 0.03703125000000007 0.11699218749999996
0 0.56134765625 0.6646484375 0.03677734375000008 0.18257812500000004
0 0.43755859375 0.46476562499999996 0.040000000000000036 0.20582031249999994
0 0.489765625 0.6481640625 0.029296875 0.19437499999999996
0 0.509609375 0.652265625 0.034023437499999976 0.1861328124999999
0 0.68044921875 0.6156640625 0.03439453125000003 0.1375781250000001
1 0.32294921875 0.48859375 0.08009765624999998 0.15484375000000006
1 0.7140625 0.4513671875 0.04611328125000003 0.18320312500000002