3 0.306875 0.30375 0.04140624999999998 0.21195312499999996
1 0.2276171875 0.318359375 0.04365234374999999 0.1893359375
1 0.26771484375 0.308671875 0.04570312499999998 0.21523437499999998
1 0.26822265625 0.545390625 0.06769531250000002 0.24859374999999995
1 0.78966796875 0.504453125 0.08423828124999999 0.20871093750000003
1 0.75017578125 0.306015625 0.040234375000000044 0.213984375
3 0.69580078125 0.31546875 0.04865234374999994 0.24113281249999996
1 0.663515625 0.30046875 0.029316406249999982 0.26457031249999996
1 0.62669921875 0.3058203125 0.04371093749999999 0.2505859375
1 0.64068359375 0.5755859375 0.03712890624999998 0.24738281249999994
1 0.37462890625 0.3097265625 0.03296874999999999 0.21316406249999997
1 0.40681640625 0.2967578125 0.03607421874999994 0.2160546875
1 0.35736328125 0.5665234375 0.03791015625000005 0.2621875
1 0.38986328125 0.5733203125 0.042031249999999964 0.2716406250000001
1 0.60974609375 0.5655078125 0.034863281250000044 0.2478125
3 0.4402734375 0.2608984375 0.03351562500000005 0.2950390625
3 0.42552734375 0.5944921875 0.03937500000000005 0.28851562500000005