3 0.6037890625 0.727734375 0.03322265624999998 0.1405078125000001
3 0.364765625 0.71765625 0.034218749999999964 0.13433593749999995
1 0.34041015625 0.51328125 0.048378906249999964 0.16468750000000004
1 0.38203125 0.5073046875 0.03749999999999998 0.15691406250000006
1 0.56224609375 0.68703125 0.04556640625000008 0.21207031250000008
1 0.61396484375 0.5297265625 0.0457617187499999 0.12851562499999997
1 0.57263671875 0.522734375 0.04289062500000007 0.13921874999999995
1 0.407421875 0.6403515625 0.04757812500000003 0.11128906250000004
1 0.28220703125 0.5167578125 0.05291015624999995 0.164296875
1 0.30646484375 0.6901171875 0.06525390625000005 0.19601562500000003
1 0.6626953125 0.683125 0.06921874999999988 0.1573437499999999