3 0.45986328125 0.395859375 0.03978515625000001 0.22515624999999995
1 0.493671875 0.42734375 0.024765624999999958 0.18523437500000006
3 0.64150390625 0.450546875 0.07291015625000008 0.19472656250000003
1 0.5455859375 0.59859375 0.03937499999999994 0.1453906250000001
1 0.30369140625 0.5128515625 0.037890624999999956 0.14250000000000002
1 0.33896484375 0.5083203125 0.03482421874999997 0.14167968749999998
1 0.368046875 0.498671875 0.03255859375000003 0.13468750000000002
1 0.39333984375 0.48140625 0.029687499999999978 0.14949218750000004
1 0.41646484375 0.463515625 0.024550781249999987 0.14250000000000002
1 0.44103515625 0.4497265625 0.026406249999999964 0.16015625
1 0.54888671875 0.445625 0.03445312499999997 0.15195312500000002
1 0.58455078125 0.464140625 0.0338281250000001 0.164296875
3 0.51669921875 0.4098046875 0.027851562499999982 0.20421875000000006
3 0.31017578125 0.676953125 0.039746093750000044 0.14996093749999995
0 0.6708203125 0.63171875 0.032421875000000044 0.1285546875000001
0 0.64203125 0.6276171875 0.03076171875 0.13675781249999996