1 0.68890625 0.6455078125 0.042285156249999956 0.17996093749999997
1 0.67236328125 0.4703125 0.03261718750000009 0.16839843750000005
3 0.64521484375 0.6738671875 0.054003906249999956 0.20878906249999996
1 0.59185546875 0.6670703125 0.05871093749999989 0.17957031249999988
1 0.34275390625 0.4618749999999999 0.06011718749999995 0.17210937499999995
1 0.3535546875 0.6683203125 0.054980468749999956 0.19023437499999996
3 0.2946484375 0.419921875 0.05105468749999997 0.20992187500000004
1 0.39828125 0.6673046875 0.03134765625000002 0.19230468750000007
1 0.70751953125 0.4703125 0.04126953124999999 0.15195312499999997
1 0.24478515625 0.5653125 0.06523437500000001 0.15281250000000002
1 0.29958984375 0.6269921875 0.06093749999999998 0.1775
1 0.6389453125 0.4663671875 0.03214843750000007 0.18570312499999997