1 0.35900390625 0.6508203125 0.04736328125 0.18570312500000008
1 0.30904296875 0.639921875 0.04859374999999999 0.20750000000000002
1 0.29423828125 0.4499609375 0.05353515625000005 0.17292968749999998
1 0.3373046875 0.45527343749999993 0.05126953125 0.15894531249999994
1 0.37822265625 0.44234375000000004 0.038535156250000036 0.17824218750000004
1 0.399609375 0.444609375 0.030312499999999964 0.17042968749999998
1 0.47568359375 0.6753125 0.027851562499999982 0.2289062500000001
1 0.61375 0.6525 0.03466796875 0.21203125000000012
1 0.700625 0.6253515625 0.05832031250000003 0.1708984375
1 0.64912109375 0.6514453125 0.03960937499999995 0.2009375
0 0.42099609375 0.6526953125 0.03361328124999996 0.19187500000000002
1 0.7078125 0.4275 0.04818359374999992 0.17707031249999994
1 0.66556640625 0.4346875 0.03441406250000001 0.17171874999999998