2 0.32107421875 0.3683203125 0.05580078124999999 0.12886718750000004
2 0.25927734375 0.5665234375 0.05763671874999998 0.13058593750000003
2 0.74390625 0.5883203125 0.05236328124999989 0.133046875
2 0.6962109375 0.4005859375 0.04578125000000011 0.12355468749999998
0 0.47734375 0.70984375 0.022929687500000018 0.15324218750000007
0 0.494609375 0.5362890625 0.032792968749999984 0.20089843750000003
1 0.4078515625 0.4844921875 0.03855468750000002 0.23542968749999998
1 0.42892578125 0.471328125 0.03587890625000001 0.26175781249999996
1 0.30876953125 0.605390625 0.09203125000000001 0.16144531249999994
0 0.5651171875 0.71375 0.04140625000000009 0.14871093749999997
1 0.366328125 0.657421875 0.07228515624999998 0.17585937499999993