1 0.5660546875 0.4773046875 0.0379492187499999 0.20374999999999993
3 0.4778515625 0.48261718749999993 0.03505859374999998 0.21285156249999998
1 0.2823046875 0.5319921875 0.04777343749999996 0.13714843750000005
1 0.36126953125 0.7129296875 0.05763671874999998 0.18656249999999996
1 0.50982421875 0.4853124999999999 0.038535156250000036 0.18113281249999996
1 0.53201171875 0.48039062499999996 0.04183593749999992 0.18773437499999995
1 0.65423828125 0.48921875 0.0506445312499999 0.20953125000000006
1 0.705 0.49519531249999993 0.044472656249999964 0.20089843749999997
1 0.63798828125 0.71046875 0.06667968749999997 0.19148437499999993
1 0.6966796875 0.705546875 0.06277343749999997 0.181640625
1 0.32396484375 0.49640625 0.06160156250000004 0.19511718750000007