0 0.5341796875 0.4844921875 0.024375000000000036 0.16964843750000003
0 0.56234375 0.697734375 0.02066406250000008 0.197265625
0 0.45955078125 0.4776953125 0.023945312499999982 0.20953125000000006
1 0.4000390625 0.7382421875 0.04925781250000005 0.20835937500000012
1 0.35521484375 0.737421875 0.06324218749999999 0.2330468750000001
1 0.56912109375 0.474609375 0.0482031249999999 0.17621093750000005
1 0.7053125 0.688046875 0.055371093750000044 0.1672265625
1 0.389453125 0.48265625 0.04246093750000002 0.19636718749999998
1 0.41494140625 0.47875 0.03587890625000001 0.20089843750000003
0 0.51927734375 0.70203125 0.02457031250000008 0.21164062500000003
0 0.48216796875 0.4637109375 0.026425781249999947 0.207890625
1 0.6373828125 0.468046875 0.05312500000000009 0.19925781249999996