3 0.44021484375 0.4458203125 0.034628906250000036 0.22062500000000002
3 0.46869140625 0.446640625 0.030312499999999964 0.22554687500000004
3 0.3887109375 0.61546875 0.05703124999999998 0.18734374999999992
3 0.64654296875 0.4285546875 0.028300781250000018 0.14
3 0.6353515625 0.649609375 0.05236328124999989 0.19476562500000005
1 0.49779296875 0.47875 0.033007812499999956 0.19101562499999997
1 0.53080078125 0.48078125 0.03279296874999993 0.200078125
3 0.58732421875 0.46640625 0.02335937500000007 0.21570312499999994
3 0.56255859375 0.47050781250000007 0.026835937500000018 0.22390625000000003
3 0.42162109375 0.604765625 0.030722656250000036 0.15937500000000004
1 0.70052734375 0.47359375 0.04867187499999992 0.23417968750000007
1 0.61478515625 0.46640625 0.03261718750000009 0.19921875