1 0.71060546875 0.52625 0.05974609375000006 0.16511718749999998
1 0.65919921875 0.520703125 0.05728515625000008 0.17621093750000005
1 0.57951171875 0.4844921875 0.04226562499999997 0.18609374999999995
1 0.612421875 0.4877734375 0.0340429687499999 0.18609374999999995
1 0.5969921875 0.6975 0.03035156249999993 0.2009375
3 0.6314453125 0.6969140625 0.03712890624999998 0.21207031250000008
1 0.66134765625 0.71171875 0.02499999999999991 0.19230468750000007
1 0.70380859375 0.7012109375 0.0667578124999999 0.1672265625
1 0.314609375 0.5169921875 0.06216796874999997 0.17375000000000002
1 0.321796875 0.6960546875 0.04283203125000001 0.16105468750000007
1 0.40095703125 0.4751953125 0.03257812500000001 0.20789062499999994
1 0.5121875 0.486953125 0.04041015625000005 0.1745703125
1 0.46767578125 0.48675781249999994 0.04060546875000004 0.16183593749999997
3 0.360859375 0.6843359375 0.03050781250000001 0.17460937499999996
1 0.3912890625 0.6804296875 0.025585937500000044 0.16597656250000004
1 0.42603515625 0.6975390625 0.049843749999999964 0.21742187499999988
1 0.35478515625 0.502578125 0.024550781249999987 0.156484375
1 0.37771484375 0.4939453125 0.014882812500000009 0.16058593749999994
1 0.4348828125 0.4787109375 0.03052734374999999 0.19101562500000002