0 0.55515625 0.5525390625 0.03341796875000003 0.19144531249999996
0 0.5260546875 0.55171875 0.03238281250000008 0.21613281249999994
0 0.49017578125 0.5508984375 0.03011718750000003 0.23093750000000002
1 0.61046875 0.53671875 0.03630859375000006 0.17375000000000002
1 0.4788671875 0.7912890625 0.03628906249999997 0.1351562500000001
0 0.537265625 0.7962109375 0.05437500000000006 0.14503906249999998
1 0.30958984375 0.711484375 0.09531250000000002 0.1828515625
1 0.6999609375 0.7012109375 0.0858007812499999 0.1639453125000001
1 0.35716796875 0.7421484375 0.06425781249999996 0.15777343749999995
1 0.38318359375 0.5206640625 0.04513671875000003 0.18609374999999995
1 0.6966796875 0.4386328125000001 0.07099609375000004 0.14945312500000002
1 0.319765625 0.43000000000000005 0.08457031250000002 0.14699218750000004
1 0.41248046875 0.5180078125 0.039179687500000004 0.24738281249999994
0 0.465 0.5348828125 0.031152343749999978 0.226796875