1 0.706796875 0.59984375 0.05914062499999995 0.18242187499999996
1 0.65189453125 0.619375 0.05214843750000009 0.17953124999999992
1 0.59875 0.6119921875 0.04988281249999993 0.16800781249999996
1 0.72138671875 0.443984375 0.05462890625000005 0.13218749999999996
1 0.30142578125 0.6142578125 0.05558593749999996 0.1766406250000001
1 0.3553125 0.6123828125 0.04818359375000003 0.16062500000000002
1 0.403515625 0.6247265625 0.04388671874999994 0.18527343750000003
1 0.332890625 0.460859375 0.04859374999999999 0.10832031249999996
1 0.3968359375 0.4184765625 0.03585937500000003 0.19308593750000003
1 0.6662890625 0.443359375 0.05132812499999995 0.14328125000000003
1 0.49521484375 0.5599609375 0.005234375000000013 0.002265624999999938
1 0.36578125 0.422578125 0.03363281249999994 0.20339843749999997
1 0.61787109375 0.4260546875 0.04757812500000003 0.18406250000000002