3 0.45091796875 0.518203125 0.02970703124999996 0.187734375
0 0.48462890625 0.72546875 0.01984375000000005 0.17136718750000002
0 0.44216796875 0.7234375 0.022499999999999964 0.1951953125000001
1 0.70552734375 0.5083203125 0.05166015625000009 0.14496093750000005
1 0.715390625 0.6547265625 0.06318359375000004 0.1516015625
0 0.50775390625 0.7151953125 0.02621093749999992 0.17218749999999994
0 0.52810546875 0.7135546875 0.029902343749999893 0.16886718750000007
1 0.29037109375 0.4906640625 0.04988281250000004 0.16718749999999993
1 0.284921875 0.6594921875 0.06572265624999996 0.18820312500000003
1 0.33794921875 0.4955859375 0.04843750000000002 0.1934765624999999
1 0.3334375 0.7 0.06900390624999997 0.21574218750000007
0 0.5143359375 0.5066796875 0.03937499999999994 0.23050781249999996
0 0.4847265625 0.502578125 0.029511718750000027 0.25847656250000006
0 0.55041015625 0.728359375 0.023125000000000062 0.1820312500000001
0 0.5455859375 0.5141015625 0.03607421875000005 0.18937500000000007
0 0.46705078125 0.7312109375 0.02703124999999995 0.2042187499999999