1 0.29978515625 0.4721484375 0.044062500000000004 0.16140624999999997
1 0.70392578125 0.509765625 0.0517578125 0.15855468750000007
1 0.654453125 0.5011328125 0.05029296875 0.16593750000000002
0 0.57509765625 0.5009375 0.04123046875000003 0.18609374999999995
0 0.50796875 0.491484375 0.025800781250000016 0.234609375
0 0.45595703125 0.4991015625 0.021269531249999973 0.1700390625
1 0.31931640625 0.67140625 0.07244140625000006 0.1939453124999999
1 0.37064453125 0.688671875 0.058710937500000004 0.18902343749999995
1 0.59029296875 0.7071875 0.05353515624999994 0.1849218749999999
0 0.3704296875 0.4682421875 0.04761718749999999 0.17910156250000003
1 0.56521484375 0.727734375 0.028046875000000027 0.19316406249999996
0 0.52626953125 0.71375 0.030312499999999964 0.181640625
0 0.49666015624999993 0.70265625 0.020449218749999998 0.18410156249999998
0 0.4798046875 0.699375 0.019628906250000022 0.16105468750000007
1 0.41421875 0.700390625 0.04062500000000002 0.20835937500000012