1 0.7079296875 0.649609375 0.061816406249999956 0.161875
1 0.65775390625 0.6975 0.04207031249999993 0.14828124999999992
1 0.61837890625 0.7252734375 0.03199218749999999 0.1750390625
1 0.59041015625 0.7298046875 0.03527343749999989 0.1692968749999999
1 0.38666015625 0.72671875 0.03482421874999997 0.1754296875000001
1 0.301640625 0.522734375 0.03871093749999999 0.20500000000000002
1 0.3444140625 0.52171875 0.042031249999999964 0.19718750000000002
1 0.37998046875 0.525390625 0.03833984374999999 0.17664062500000005
1 0.4072265625 0.5143359375 0.031542968749999956 0.17910156250000003
1 0.5596875 0.506484375 0.026015625000000098 0.18160156250000004
1 0.59740234375 0.508125 0.024589843750000062 0.18156250000000002
1 0.62546875 0.512265625 0.02824218750000007 0.17660156249999998
1 0.6467578125 0.5023828125 0.024589843750000062 0.15687499999999993
1 0.418828125 0.7248828125 0.02312499999999995 0.17585937499999993