3 0.7009375 0.49968750000000006 0.04291015625000005 0.14578125000000003
1 0.6548828125 0.6882421875 0.03466796875 0.16023437499999993
3 0.31541015625 0.471328125 0.05722656250000002 0.19925781249999996
1 0.25599609375 0.6101171875 0.07242187499999997 0.13554687499999996
1 0.73248046875 0.6399609375 0.06859375000000001 0.15816406250000004
1 0.6858203125 0.6621484375 0.02871093750000009 0.13679687499999993
3 0.34328125 0.668515625 0.05908203125 0.18328125000000006
0 0.538203125 0.525390625 0.04431640625000011 0.16347656250000003
0 0.5744921875 0.516171875 0.026015625000000098 0.18199218750000007
0 0.6244140625 0.6962890625 0.04777343750000007 0.1672265625
0 0.55380859375 0.701015625 0.03607421875000005 0.14789062500000005
1 0.691953125 0.6716015625 0.057421874999999956 0.1672265625
0 0.5006640625 0.48921875 0.04697265624999997 0.2523046875
0 0.4267578125 0.6923828125 0.059941406249999996 0.15531249999999996