1 0.2728515625 0.3166796875 0.051875000000000004 0.17617187499999998
1 0.3275390625 0.5533984375 0.05929687500000003 0.28519531249999996
1 0.2770703125 0.5478125 0.05332031250000002 0.27
1 0.39138671875 0.288515625 0.03195312500000003 0.20945312500000002
1 0.6934375 0.3298828125 0.05955078125000002 0.179453125
1 0.725703125 0.5521484375 0.06572265624999996 0.2778125
1 0.6656640625 0.559765625 0.05419921875 0.285625
1 0.6487109375 0.313828125 0.037148437499999964 0.17207031250000002
1 0.35900390625 0.2854296875 0.03091796874999997 0.21562499999999998
1 0.5933984375 0.5490625 0.030957031250000044 0.28070312500000005
0 0.53005859375 0.270234375 0.0440820312500001 0.18683593749999997
0 0.4602734375 0.5017578125 0.03566406249999998 0.2633984375
0 0.563671875 0.556875 0.031132812500000107 0.34074218750000007
0 0.53283203125 0.5430859375 0.03525390624999991 0.3419531250000001