3 0.5190625 0.529296875 0.028281250000000036 0.17539062499999997
1 0.42427734375 0.5303515625 0.030312499999999964 0.11742187500000001
1 0.388828125 0.5095703125 0.04531249999999998 0.15238281249999996
0 0.5091015625 0.7022265625 0.021894531250000016 0.13554687499999996
0 0.4697265625 0.52828125 0.023339843749999978 0.1511328125
0 0.46376953125 0.7141796875 0.02375000000000005 0.18082031250000008
1 0.5777734375 0.503203125 0.03259765625000011 0.20132812500000002
1 0.6558984375 0.4923046875 0.04083984374999994 0.18035156250000006
1 0.348828125 0.4805859375 0.03318359375000002 0.18734374999999998
1 0.61744140625 0.4900390625 0.04201171874999998 0.19472656249999998
0 0.52533203125 0.7139453125 0.02230468749999992 0.1614843749999999
1 0.62412109375 0.693203125 0.06154296874999998 0.15695312500000003