3 0.649453125 0.391796875 0.0491796874999999 0.18515625000000002
3 0.6119140625 0.3776953125 0.03310546875000009 0.22640625000000003
3 0.5865234375 0.3759375 0.027460937499999893 0.2125390625
3 0.562109375 0.3752734375 0.03003906249999999 0.23554687500000004
1 0.53619140625 0.4451953125 0.019414062500000107 0.10789062500000002
3 0.51306640625 0.416328125 0.027441406249999967 0.17519531249999998
3 0.48474609375 0.38851562500000003 0.02505859374999997 0.23074218750000003
3 0.40978515625 0.3705078125 0.040234375000000044 0.21902343749999997
3 0.3562890625 0.368984375 0.04087890625000001 0.19167968749999997
3 0.3471875 0.6105859375 0.05042968749999999 0.21773437500000004
3 0.42095703125 0.6342578125 0.033085937499999996 0.2259765625000001
3 0.49083984375 0.64140625 0.0322265625 0.21859374999999992
3 0.52990234375 0.6557421875 0.04958984374999997 0.22121093749999998
3 0.57458984375 0.6559765625 0.0556640625 0.21730468749999998
1 0.62091796875 0.6575 0.047656249999999956 0.2420703125000001
1 0.45525390625 0.5871484375 0.04263671874999997 0.11874999999999991
1 0.45958984375 0.445 0.02701171874999997 0.11828125
1 0.43462890625 0.3833203125 0.03265624999999994 0.22382812500000004
1 0.316484375 0.371171875 0.04457031249999999 0.17867187500000004
1 0.3855859375 0.5801953125 0.03871093749999999 0.13957031250000007