3 0.663984375 0.668125 0.04499999999999993 0.20691406249999988
3 0.30171875 0.648359375 0.07406250000000003 0.18039062500000003
3 0.6671484375 0.4538671875 0.046347656250000036 0.19124999999999998
1 0.70923828125 0.635546875 0.06386718750000009 0.16781249999999992
1 0.70771484375 0.4328125 0.047656249999999956 0.19425781249999996
1 0.6315625 0.44671875000000005 0.030722656250000036 0.18386718750000003
1 0.60400390625 0.45601562500000004 0.03810546874999998 0.19558593750000003
1 0.299765625 0.4406640625 0.04787109374999998 0.18597656250000005
1 0.34544921875 0.4477734375 0.03654296874999996 0.18601562500000002
1 0.38201171875 0.459296875 0.03501953125000001 0.20207031249999996
1 0.35521484375 0.663359375 0.06474609374999996 0.1712890625000001
1 0.39623046875 0.67203125 0.04783203125000002 0.18867187500000004