1 0.705859375 0.628203125 0.04126953124999999 0.13882812500000008
1 0.6643359375 0.5124609375 0.045371093750000036 0.14988281250000002
1 0.66546875 0.6625390625 0.04968750000000011 0.14582031249999994
1 0.352734375 0.518828125 0.04509765624999995 0.13386718749999998
3 0.3060546875 0.4939453125 0.04468749999999999 0.15730468750000004
1 0.301015625 0.6586328125 0.05312499999999998 0.16683593749999992
1 0.3503515625 0.6765625 0.05312499999999998 0.19027343749999992
1 0.39541015625 0.6882421875 0.04533203124999996 0.19972656249999998
1 0.3951953125 0.5157421875 0.04572265625000005 0.14003906250000003
3 0.6347265625 0.501953125 0.01904296875 0.17417968750000007
1 0.6067578125 0.515546875 0.02890624999999991 0.16019531249999996
1 0.62228515625 0.6637890625 0.029121093749999938 0.12691406250000004