1 0.26482421875 0.5018359375 0.04369140625000001 0.16906250000000006
1 0.3051953125 0.494453125 0.04109375000000004 0.17515625
1 0.298359375 0.673984375 0.056933593749999956 0.15351562500000004
1 0.35271484375 0.66984375 0.05455078125000001 0.15828124999999993
1 0.39296875 0.6724609375 0.04132812500000005 0.18085937500000004
1 0.42552734375 0.6624609375 0.036992187499999996 0.1869140625000001
1 0.3496875 0.50140625 0.051953125000000044 0.12652343749999995
1 0.3908984375 0.4814453125 0.03720703125000002 0.152578125
1 0.417265625 0.48359375 0.02222656249999999 0.13261718750000007
1 0.49625 0.47015625 0.02572265625000003 0.17167968750000007
1 0.5962890625 0.6596484375 0.031113281249999902 0.18562499999999993
1 0.634375 0.682890625 0.04677734375000009 0.1843359375
1 0.67984375 0.688515625 0.0491796874999999 0.16261718749999998
1 0.74732421875 0.4951171875 0.040078124999999964 0.15214843749999996
1 0.7054296875 0.49749999999999994 0.04542968749999998 0.16039062499999995
1 0.6612890625 0.4996484375 0.0504296875000001 0.16472656250000006
1 0.622109375 0.4783984375 0.0350195312499999 0.16386718749999996
1 0.57751953125 0.472734375 0.030292968749999982 0.14910156249999995
3 0.525546875 0.4658203125 0.0322265625 0.18039062500000003