1 0.63884765625 0.6654296875 0.05193359375000006 0.20917968750000004
1 0.3776171875 0.43328125 0.04304687500000004 0.17660156250000003
1 0.33134765625 0.4180859375 0.04839843750000006 0.16425781250000004
0 0.54888671875 0.663984375 0.018007812500000053 0.17914062500000005
0 0.5278125 0.665859375 0.019023437500000018 0.16226562500000008
0 0.48833984375000006 0.456328125 0.03052734374999999 0.20296874999999992
1 0.64630859375 0.4170312500000001 0.04839843749999995 0.19265624999999997
1 0.68927734375 0.413359375 0.04796874999999989 0.20992187500000004
1 0.68291015625 0.6403515625 0.05578124999999989 0.18695312500000005
1 0.319453125 0.6175390625 0.07556640625 0.20296874999999992
1 0.36314453125 0.658046875 0.06714843749999999 0.2173828124999999
0 0.51927734375 0.447265625 0.03279296874999993 0.22433593750000003
0 0.544765625 0.43515625 0.02621093749999992 0.22882812499999994
0 0.493984375 0.6722265625 0.01921874999999995 0.2054687500000001
0 0.50662109375 0.676953125 0.02189453125000007 0.23550781250000008