0 0.610390625 0.592578125 0.023125000000000062 0.15304687500000003
0 0.58380859375 0.599296875 0.03939453124999992 0.17644531250000006
0 0.4533984375 0.6125390625 0.03546875000000005 0.154296875
0 0.38775390625 0.408515625 0.02117187499999995 0.166875
0 0.58328125 0.3859765625 0.03832031250000001 0.22589843749999994
0 0.6759375 0.393125 0.022265624999999956 0.1490625
0 0.65140625 0.3926953125 0.028515625000000044 0.156875
0 0.6177734375 0.388359375 0.02919921875000009 0.148203125
1 0.298359375 0.368359375 0.056933593749999956 0.195078125
0 0.4257421875 0.4108984375 0.04718750000000005 0.25433593750000005
0 0.54630859375 0.5934765625 0.03957031249999998 0.22476562500000002