1 0.35021484375 0.5821484375 0.042441406250000036 0.12824218749999994
1 0.38548828125 0.5658984375 0.03675781249999999 0.15132812500000004
1 0.41802734375 0.559296875 0.02375000000000005 0.1416015625
1 0.2923828125 0.6967578125 0.07103515625000001 0.11835937500000004
1 0.3305859375 0.7284375 0.07277343749999998 0.1383203125000001
1 0.6596484375 0.7165234375 0.06671874999999994 0.13789062500000004
1 0.661171875 0.549140625 0.0431054687500001 0.14214843749999995
1 0.59705078125 0.554375 0.034628906250000036 0.14910156250000006
0 0.54322265625 0.5560546875 0.03751953125000007 0.15812500000000002
1 0.280390625 0.543515625 0.040234375000000044 0.15359374999999997
1 0.703046875 0.539609375 0.03851562500000005 0.15812500000000002
1 0.6071484375 0.7382421875 0.03791015624999994 0.16886718750000007
0 0.48720703125 0.5502734375 0.03443359374999999 0.1630859375
0 0.51927734375 0.5531640625 0.03279296874999993 0.16062500000000002