1 0.60171875 0.6175390625 0.040488281250000036 0.1969140625000001
1 0.56537109375 0.6119140625 0.03722656249999989 0.1595703125000001
3 0.308125 0.5841015625 0.08513671875000006 0.15609374999999992
3 0.31517578125 0.4178515625 0.05410156249999998 0.18515624999999997
1 0.35271484375 0.4334765625 0.03371093749999998 0.20601562500000004
1 0.41998046875 0.4391015625 0.041542968749999964 0.20339843749999997
1 0.45708984375 0.4658203125 0.03416015625000002 0.17343749999999997
1 0.483125 0.47078125 0.03244140625000003 0.18339843750000007
1 0.51990234375 0.4736328125 0.03482421875000008 0.16476562500000003
1 0.54736328125 0.4744921875 0.025507812499999893 0.14566406250000002
1 0.57470703125 0.4746875 0.03158203124999992 0.1321875
1 0.35662109375 0.6019140625 0.05541015625000001 0.14828124999999992