3 0.66146484375 0.41621093749999993 0.05605468750000009 0.18113281249999996
3 0.61333984375 0.4365625000000001 0.04865234374999994 0.20949218750000004
1 0.6236328125 0.613828125 0.07578124999999991 0.13800781249999994
2 0.627734375 0.621640625 0.08730468750000009 0.15199218749999988
1 0.32251953125 0.399375 0.06277343749999997 0.155625
1 0.36126953125 0.43246093750000003 0.04777343749999996 0.18484375000000003
1 0.39251953125 0.443359375 0.028046875000000027 0.20253906250000003
1 0.36990234375 0.6091015625 0.04531249999999998 0.14089843749999997
3 0.3197265625 0.58625 0.06503906250000002 0.15363281249999994
0 0.498203125 0.499453125 0.02375000000000005 0.18937499999999996
0 0.51833984375 0.4976171875 0.022929687500000018 0.19882812500000002
0 0.45501953125 0.4821875 0.022929687500000018 0.20746093750000005