3 0.70052734375 0.55171875 0.061816406249999956 0.24246093749999997
1 0.7561328125 0.3049609375 0.05257812499999992 0.2325390625
1 0.35994140625 0.3185546875 0.05867187500000004 0.23828125
1 0.30072265625 0.3195703125 0.055371093750000044 0.24609375
1 0.253515625 0.3088671875 0.04939453125000001 0.24445312499999997
3 0.26359375 0.562421875 0.06380859375000003 0.23093750000000002
3 0.32251953125 0.5762109375 0.04632812500000005 0.2560156250000001
3 0.70998046875 0.3087109375 0.05607421875000007 0.24812500000000004
3 0.66783203125 0.2874609375 0.038378906249999956 0.254296875
3 0.62927734375 0.2790625 0.03816406249999993 0.25800781250000004
1 0.36568359375 0.541640625 0.04386718749999996 0.2099609375
1 0.75275390625 0.511640625 0.05935546874999997 0.15812500000000002
1 0.65158203125 0.560390625 0.04453124999999991 0.26792968749999996