3 0.5956640625 0.5274609375 0.03136718749999989 0.16593750000000002
0 0.552578125 0.744609375 0.023749999999999938 0.1594140625
0 0.54240234375 0.5258203125 0.017792968750000027 0.16925781249999994
3 0.38017578125 0.5202734375 0.03626953124999999 0.140859375
1 0.66193359375 0.527265625 0.05003906250000001 0.16636718749999996
1 0.72412109375 0.6582421875 0.08681640625000009 0.16105468750000007
3 0.579921875 0.7591796875 0.03482421875000008 0.15328125000000004
3 0.6121875 0.7487109375 0.04591796874999998 0.16109375000000004
1 0.4036328125 0.7357421875 0.068359375 0.19683593749999995
1 0.4058984375 0.511640625 0.05068359374999998 0.18445312499999994
0 0.53150390625 0.75015625 0.03134765624999991 0.18453125000000004
1 0.6253515625 0.535078125 0.039355468749999956 0.1901953125