1 0.2909765625 0.46601562500000004 0.054316406250000004 0.17386718750000002
1 0.6332421875 0.690078125 0.05507812500000009 0.21355468750000006
1 0.69095703125 0.4619140625 0.06792968749999995 0.16562499999999997
1 0.33177734375 0.47515625 0.02482421874999996 0.12957031249999995
1 0.35673828125 0.4559765625 0.031367187500000004 0.198359375
1 0.38103515625 0.4790234375 0.02613281249999999 0.16863281250000006
1 0.40349609375 0.4823046875 0.022441406250000018 0.17167968749999996
1 0.428125 0.4794921875 0.031777343749999964 0.19035156250000002
3 0.46078125 0.4664453125 0.029394531250000022 0.18167968749999996
3 0.59845703125 0.68265625 0.03546874999999994 0.1986328125000001
3 0.61798828125 0.4633984375 0.03832031250000001 0.17906250000000007
1 0.52771484375 0.46820312500000005 0.03656250000000005 0.19558593750000003
1 0.4947265625 0.46882812499999993 0.03634765625000003 0.17257812499999997
1 0.646953125 0.46624999999999994 0.021621093750000098 0.16039062499999995
0 0.46923828125 0.6805078125 0.02896484374999997 0.22382812500000004
0 0.57111328125 0.69984375 0.05021484375000007 0.22867187500000008
0 0.53857421875 0.665078125 0.03720703124999991 0.16781249999999992
0 0.5139453125 0.6666015625 0.03787109374999997 0.1751953125000001
0 0.48822265625000005 0.6587890625 0.03201171875000003 0.17695312500000004
0 0.56171875 0.45589843750000003 0.033398437500000044 0.21363281250000005