3 0.31912109375 0.673671875 0.06792968749999995 0.17625000000000002
1 0.71326171875 0.436796875 0.052773437499999964 0.19593749999999993
1 0.29033203125 0.44499999999999995 0.04654296874999997 0.21898437499999995
1 0.33814453125 0.4429296875 0.05291015624999995 0.2132421875
3 0.61416015625 0.449140625 0.030546874999999973 0.20417968750000004
1 0.7421484375 0.6399609375 0.10027343750000006 0.17132812500000005
1 0.78091796875 0.59796875 0.08033203124999999 0.17957031249999988
1 0.671015625 0.445625 0.04187500000000011 0.22101562500000005
1 0.64234375 0.4408984375 0.021914062500000053 0.20417968749999998
1 0.402578125 0.446015625 0.04080078124999997 0.21691406249999995
1 0.4020703125 0.6874609375 0.03525390625000002 0.224375
1 0.5266796875 0.440078125 0.05580078125000004 0.22554687500000004
3 0.5866015625 0.444609375 0.03791015624999994 0.23296874999999995
1 0.37115234375 0.6777734375 0.04289062499999996 0.220703125
0 0.64939453125 0.6849609375 0.05044921875000008 0.22273437499999993
0 0.61486328125 0.6896875 0.047167968749999956 0.21988281250000008