1 0.71416015625 0.648359375 0.07716796874999998 0.1939453124999999
1 0.32912109375 0.47152343750000003 0.06777343749999998 0.16921875000000003
1 0.2844140625 0.667265625 0.09468750000000001 0.21531250000000002
1 0.6631640625 0.6790234375 0.07388671875000008 0.2017578124999999
1 0.730390625 0.44171875 0.056191406249999964 0.18609375000000006
1 0.68373046875 0.44890625000000006 0.05249999999999999 0.19140625000000006
1 0.23537109375 0.4451953125 0.06943359374999997 0.17906249999999996
1 0.27833984375 0.4540625 0.05419921875 0.20746093749999994
1 0.393359375 0.6995703125 0.04617187499999997 0.20671875000000006
1 0.42212890625 0.705546875 0.03794921875000001 0.21453125000000006
1 0.33794921875 0.699765625 0.08626953125000003 0.23589843749999995
1 0.3720703125 0.460625 0.050898437500000004 0.21074218750000007
1 0.649609375 0.452421875 0.03851562500000005 0.20417968749999998
1 0.75640625 0.6133984375 0.0732421875 0.17171874999999992
0 0.565625 0.458359375 0.03708984375000002 0.24820312500000002
1 0.23279296875 0.621640625 0.07457031250000001 0.1783203124999999
0 0.5361328125 0.4709375 0.04183593749999992 0.24281249999999993
1 0.410625 0.450546875 0.047812500000000036 0.22433593750000003
1 0.43673828125 0.455703125 0.046582031250000044 0.2535156250000001
1 0.62236328125 0.4474609375 0.04367187500000003 0.21734375000000006
0 0.56984375 0.692578125 0.03525390624999991 0.2009375
0 0.53951171875 0.6862109375 0.03011718749999992 0.21699218750000004
1 0.62390625 0.68578125 0.04058593749999995 0.1750390625