3 0.70546875 0.6282421875 0.07167968750000009 0.2375390625
1 0.7573828125 0.5739453125 0.06656250000000008 0.17828124999999995
3 0.68890625 0.341171875 0.06367187500000004 0.26542968749999996
1 0.244375 0.3198046875 0.05455078125000001 0.27531250000000007
1 0.2673046875 0.4558984375 0.004453124999999947 0.00023437500000000888
1 0.2921875 0.3391015625 0.06093749999999998 0.2859765624999999
1 0.25537109375 0.6263671875 0.06214843749999999 0.23136718750000007
2 0.17478515625 0.596953125 0.10160156250000002 0.19476562500000005
1 0.7469921875 0.347734375 0.05443359375000001 0.202890625
0 0.58310546875 0.681875 0.04330078124999992 0.307890625
0 0.5830078125 0.3452734375 0.036914062499999956 0.29999999999999993
1 0.61837890625 0.3481640625 0.0418554687499999 0.30078125
1 0.3444140625 0.6874609375 0.060097656249999964 0.2901953125000001
0 0.54671875 0.3469140625 0.04041015625000011 0.30000000000000004
1 0.36291015625 0.3576171875 0.041210937500000044 0.30160156250000003
0 0.5084765625 0.3469140625 0.05437500000000006 0.3131249999999999
0 0.54373046875 0.6927734375 0.04470703124999997 0.3123828124999999
1 0.295703125 0.6771484375 0.09345703125000004 0.297578125
0 0.466640625 0.3553515625 0.04265624999999995 0.3061328125
0 0.46951171875 0.673671875 0.04841796875000004 0.2552343749999999
0 0.4953125 0.6790234375 0.04451171875000004 0.26425781250000013
0 0.52359375 0.6794140625 0.037304687500000044 0.25687499999999996
1 0.393359375 0.7131640625 0.03794921875000001 0.29144531250000005
0 0.43375 0.369765625 0.03445312499999997 0.2872265625000001
1 0.6566015625 0.6514453125 0.06894531249999991 0.2502734375
1 0.622578125 0.67796875 0.05640624999999999 0.266328125