1 0.753984375 0.455703125 0.05689453124999999 0.187734375
3 0.72560546875 0.6518359375 0.05935546874999997 0.18113281250000002
3 0.70658203125 0.4686328125 0.041464843750000036 0.19218749999999996
3 0.64171875 0.46328125 0.03302734374999994 0.1896875
1 0.3854296875 0.678984375 0.04880859375000002 0.2058203125
1 0.39375 0.464296875 0.04695312500000004 0.18765624999999997
1 0.308828125 0.4807421875 0.05394531250000001 0.15476562500000002
1 0.287265625 0.670546875 0.08230468749999997 0.19304687500000006
1 0.227421875 0.6312890625 0.08847656250000002 0.16960937500000006
1 0.27357421875 0.7184375 0.002207031249999991 0.005117187500000009
1 0.6724609375 0.4569140625 0.032421875000000044 0.18929687499999998
1 0.6571484375 0.6664453125 0.03507812500000007 0.18070312499999996
1 0.35181640625 0.477265625 0.03708984375000002 0.16421875000000002
1 0.25529296875 0.463515625 0.05580078124999999 0.19015625000000003
1 0.77623046875 0.6123828125 0.08619140624999999 0.16390624999999992
1 0.3417578125 0.6751171875 0.05070312499999996 0.1898437500000001
0 0.5661328125 0.66953125 0.03607421875000005 0.20421875000000012
0 0.54158203125 0.44109375000000006 0.042441406250000036 0.23339843750000006
0 0.54662109375 0.6675 0.03402343749999992 0.19187500000000002
1 0.6833203125 0.66625 0.031933593750000044 0.18121093749999995
1 0.42533203125 0.6777734375 0.03814453125000006 0.18777343749999997
1 0.62330078125 0.6637890625 0.03523437499999993 0.19273437500000012
0 0.62453125 0.658046875 0.03769531249999991 0.1976562500000001
0 0.5960546875 0.6596875 0.04037109374999992 0.2009375
0 0.42634765625 0.43351562499999996 0.044316406249999996 0.26832031249999994
0 0.57765625 0.4476953125 0.03771484374999989 0.2169140625