3 0.63494140625 0.4398828125 0.04824218750000009 0.19636718750000004
1 0.6568359375 0.652890625 0.05707031250000005 0.21781249999999996
1 0.7059765625 0.6380859375 0.06408203125000012 0.19476562500000005
1 0.61498046875 0.6800390625 0.04042968750000009 0.2062890625
1 0.3512890625 0.46 0.04798828124999999 0.16593749999999996
1 0.34357421875 0.6533203125 0.050253906250000036 0.1807812499999999
1 0.3159375 0.4542578125000001 0.04140624999999998 0.13796874999999997
3 0.29650390625 0.626171875 0.05394531250000001 0.18570312500000008
1 0.25630859375 0.560546875 0.05373046874999998 0.13921874999999995
1 0.6763671875 0.43449218750000007 0.03750000000000009 0.18777343749999997
1 0.71625 0.4227734375 0.03996093750000007 0.1741796875
1 0.59720703125 0.436953125 0.027226562500000107 0.20585937500000007