1 0.7858490566037736 0.3533435322114567 0.04716981132075482 0.21757606663267035
1 0.23018867924528297 0.35900050994390614 0.05962264150943397 0.2602209756926738
1 0.7316981132075472 0.34812170661227265 0.0626415094339623 0.23150093489716123
1 0.20320754716981132 0.6018154003059664 0.09773584905660371 0.20452150263471014
3 0.36471698113207546 0.34289988101308855 0.03811320754716985 0.27675675675675676
1 0.2843396226415094 0.37161992180860104 0.05698113207547173 0.2645724970253272
3 0.33037735849056604 0.35029746727859934 0.03962264150943395 0.2828488866224716
3 0.4024528301886792 0.3350671426143124 0.0456603773584906 0.2837191908890021
1 0.6196226415094339 0.6335815060343362 0.037735849056603765 0.248907020227775
3 0.6616981132075471 0.6331463539010709 0.04566037735849049 0.289811320754717
1 0.3641509433962264 0.6623015468298487 0.0845283018867925 0.26805371409144996