1 0.3377049180327869 0.3469032937283802 0.05770491803278688 0.22870206046021954
1 0.7514754098360655 0.34651827342457514 0.05311475409836075 0.21253120770040615
1 0.7514754098360655 0.5975515115054896 0.07147540983606548 0.22177169499172797
3 0.6385245901639345 0.3376628064370582 0.036393442622950856 0.24256279139720258
3 0.40852459016393444 0.3341976237028124 0.03475409836065568 0.23101218228305007
1 0.5060655737704918 0.345748232816965 0.03311475409836073 0.2510332380809144
3 0.4731147540983607 0.3392028876522785 0.03344262295081968 0.24718303504286362
1 0.6514754098360656 0.6194976688223792 0.04065573770491793 0.23640246653632138
1 0.390327868852459 0.6175725673033539 0.040983606557377095 0.2340923447134906
3 0.6168852459016393 0.617957587607159 0.036393442622950856 0.23486238532110087
3 0.5393442622950819 0.3484433749436005 0.034754098360655794 0.2533433599037449
3 0.7047540983606557 0.3472883140321853 0.046229508196721225 0.21869153256128745
1 0.6695081967213115 0.3449781922093548 0.03213114754098356 0.1909700706873214
3 0.5726229508196722 0.350753496766431 0.033770491803278624 0.2548834411189653
1 0.6068032786885246 0.3416208151601744 0.03163934426229509 0.24542734245751238