3 0.6615 0.35008547008547003 0.06499999999999995 0.24339275539275537
1 0.6246666666666666 0.6430736670736671 0.040000000000000036 0.2592299552299553
3 0.26516666666666666 0.33883272283272287 0.05833333333333335 0.2408921448921449
1 0.2245 0.5476336996336997 0.08700000000000002 0.23005616605616613
3 0.27566666666666667 0.6109824989824989 0.08933333333333338 0.23005616605616613
1 0.7205 0.5955620675620675 0.08299999999999996 0.23255677655677662
3 0.32166666666666666 0.348001628001628 0.06133333333333335 0.23589092389092386
1 0.37133333333333335 0.6214017094017094 0.038000000000000034 0.23255677655677648
3 0.37016666666666664 0.33883272283272287 0.03833333333333333 0.23088970288970287
1 0.715 0.34008302808302804 0.057333333333333236 0.22838909238909236
3 0.4098333333333333 0.33299796499796497 0.04700000000000004 0.2225543345543345