1 0.2480072463768116 0.5419721511793123 0.07717391304347831 0.2309747087240693
1 0.37916666666666665 0.33464052287581697 0.03949275362318838 0.16368286445012792
1 0.24981884057971016 0.28962773515203183 0.05471014492753623 0.2118783745382211
1 0.7039855072463769 0.32281898266552994 0.04420289855072457 0.1800511508951406
1 0.7496376811594203 0.2846263142938335 0.050000000000000044 0.20551292980960495
1 0.7010869565217391 0.5697073032111396 0.0652173913043479 0.25552713839158847
1 0.29818840579710143 0.33554987212276216 0.050000000000000044 0.16186416595623757
1 0.6639492753623188 0.3137254901960784 0.032971014492753525 0.19641943734015344
1 0.36431159420289855 0.5888036373969878 0.04021739130434787 0.24643364592213704
1 0.3418478260869565 0.33873259448707016 0.03731884057971013 0.17186700767263424
1 0.6498188405797102 0.5797101449275363 0.04021739130434776 0.25552713839158847
1 0.6297101449275362 0.31054276783177037 0.034782608695652195 0.20460358056265984
1 0.7666666666666667 0.534697357203751 0.07971014492753614 0.2527990906507532
1 0.6141304347826088 0.5628871838590508 0.034782608695652195 0.2400682011935209