3 0.274025974025974 0.5652818385802679 0.05974025974025976 0.24282314544094638
1 0.25113636363636366 0.2863398381722989 0.05162337662337657 0.24891548242333583
1 0.6275974025974026 0.25979465560617393 0.03961038961038965 0.24630448085945464
1 0.7282467532467533 0.5591895015978786 0.05844155844155852 0.2724144964982661
1 0.7511363636363636 0.269803494934385 0.05681818181818188 0.25413748555109805
3 0.674025974025974 0.5583191677432515 0.06298701298701292 0.2863398381722989
1 0.29918831168831167 0.2689331610797579 0.0535714285714286 0.2628408240973686
1 0.37775974025974024 0.5483103284150405 0.059415584415584366 0.26458149180662266
1 0.32402597402597405 0.5548378323247434 0.04935064935064937 0.26022982253348753
1 0.6991883116883116 0.261535323315428 0.05487012987012996 0.2671924933705038
1 0.6297077922077922 0.5491806622696676 0.03409090909090917 0.269803494934385
1 0.36737012987012985 0.2550078194057252 0.039935064935064934 0.2680628272251309