1 0.22944444444444445 0.333652133145804 0.061851851851851825 0.22723550554774177
3 0.5268518518518518 0.36405688388810753 0.04703703703703699 0.238437255821222
1 0.3775925925925926 0.6228973277074543 0.03814814814814815 0.22643538052820752
1 0.6527777777777778 0.34805438349742146 0.04037037037037039 0.2512392561337709
1 0.3409259259259259 0.3728582591029848 0.043333333333333335 0.17442725425847785
1 0.7611111111111111 0.3200500078137209 0.06740740740740736 0.24163775589935932
3 0.48277777777777775 0.3552555086732302 0.043333333333333224 0.2512392561337709
1 0.38296296296296295 0.35045475855602437 0.045925925925925926 0.24003750586029066
1 0.6105555555555555 0.6108954524144397 0.04703703703703699 0.1960306297859039
1 0.3377777777777778 0.6228973277074543 0.045925925925925926 0.22803563056727605
3 0.537037037037037 0.616896390060947 0.03629629629629627 0.22563525550867325
1 0.2301851851851852 0.5760900140646976 0.08555555555555555 0.1936302547273011
1 0.5718518518518518 0.35925613377090165 0.04296296296296287 0.23363650570401628
1 0.6129629629629629 0.3516549460853258 0.0437037037037038 0.24083763087982493
1 0.7307407407407407 0.6024941397093295 0.1007407407407408 0.2112330051570557
3 0.28944444444444445 0.34165338334114703 0.06555555555555559 0.2304360056258791
1 0.2922222222222222 0.6160962650414127 0.047407407407407454 0.18082825441475234