1 0.225759534583064 0.31895723594990966 0.04234001292824824 0.18809272383495304
1 0.2698771816418875 0.5450687018366085 0.06399482870071105 0.2225096903239019
1 0.6250808015513898 0.32295920879746187 0.040077569489334275 0.21370535005928698
1 0.7419198448610214 0.31055309297005007 0.048157724628312915 0.21770732290683928
1 0.659825468648998 0.32856197078403493 0.031997414350355635 0.21690692833732872
1 0.404169360051713 0.2925442151560652 0.037168713639301854 0.2361163980055793
1 0.7800581771170007 0.4986458168050031 0.06625727213962507 0.1968970640995678
3 0.4403684550743374 0.2789375074743878 0.03652230122818356 0.2713337590640386
1 0.26664511958629605 0.31615585495662313 0.04395604395604391 0.20009864237760958
1 0.6397866839043309 0.5742831036237395 0.03846153846153855 0.24892271111774641
1 0.3616677440206852 0.564278171504859 0.04848093083387206 0.25452547310431944
3 0.3044602456367162 0.30575072555298743 0.0446024563671622 0.1888931184044634
3 0.697317388493859 0.3197576305194201 0.0494505494505495 0.23131403058851668
3 0.42210730446024564 0.5730825117694738 0.04718810601163537 0.30735151469200833
0 0.10746606334841628 0.9004438906992431 0.020361990950226255 0.062430776421814244